  k=2 n=40 L= 4  best=  14.000  c=1.75000  (7.2s)
  k=2 n=40 L= 8  best=  27.000  c=1.68750  (5.3s)
  k=2 n=40 L=12  best=  40.000  c=1.66667  (5.1s)
  k=2 n=60 L= 4  best=  13.000  c=1.62500  (14.0s)
  k=2 n=60 L= 8  best=  27.000  c=1.68750  (10.3s)
  k=2 n=60 L=12  best=  39.000  c=1.62500  (9.4s)
k=2  OBJ0  global best c = 1.750000   claimed ceiling = 2.000000   ok
     conj (2-1/k) = 1.500000   at n=40 L=4 B=3
     a=[0, 0, 1, 3, 3, 3, 4, 8, 9, 10, 13, 13, 14, 16, 16, 17, 19, 21, 22, 25, 25, 27, 31, 32, 32, 33, 42, 44, 46, 48, 52, 52, 55, 58, 60, 66, 70, 71, 74, 79]
     s=[1, 2, 4, 4, 1, 1, 2, 3, 4, 2, 4, 2, 2, 4, 4, 1, 3, 3, 3, 4, 3, 4, 1, 2, 3, 1, 1, 3, 2, 1, 4, 4, 4, 3, 1, 1, 2, 4, 2, 2]
     p=[16, 33, 5, 13, 10, 3, 8, 2, 29, 26, 13, 40, 38, 10, 20, 33, 32, 30, 11, 37, 37, 22, 6, 35, 10, 0, 20, 25, 29, 36, 33, 1, 2, 27, 17, 29, 40, 40, 19, 22]
  k=3 n=40 L= 4  best=  18.000  c=1.50000  (8.6s)
  k=3 n=40 L= 8  best=  39.000  c=1.62500  (7.4s)
  k=3 n=40 L=12  best=  60.000  c=1.66667  (6.0s)
  k=3 n=60 L= 4  best=  19.000  c=1.58333  (17.0s)
  k=3 n=60 L= 8  best=  39.000  c=1.62500  (13.3s)
  k=3 n=60 L=12  best=  57.000  c=1.58333  (10.6s)
k=3  OBJ0  global best c = 1.666667   claimed ceiling = 2.333333   ok
     conj (2-1/k) = 1.666667   at n=40 L=12 B=1
     a=[1, 4, 5, 6, 8, 10, 11, 16, 17, 23, 25, 26, 29, 30, 33, 35, 37, 39, 40, 41, 41, 42, 43, 43, 44, 47, 48, 48, 52, 56, 57, 60, 64, 65, 68, 71, 74, 77, 77, 80]
     s=[5, 7, 11, 10, 2, 10, 11, 6, 4, 12, 6, 7, 6, 8, 12, 7, 3, 3, 7, 12, 1, 4, 10, 10, 11, 8, 11, 5, 5, 12, 12, 3, 12, 12, 6, 3, 6, 11, 6, 3]
     p=[19, 25, 7, 3, 38, 39, 3, 22, 37, 4, 24, 13, 25, 2, 40, 25, 15, 5, 38, 21, 8, 0, 2, 36, 33, 38, 9, 33, 32, 20, 11, 20, 4, 4, 27, 35, 28, 9, 15, 36]
