obj=0 k=1 best = 0          (0.0000)  proved bound 0  [22s]
   n=11 B=0 a=[0, 0, 0, 0, 0, 0, 0, 0, 1, 1, 1] x=[0, 2, 1, 0, 0, 2, 0, 0, 1, 0, 1] tape=[10, 3, 5, 13, 7, 1, 5, 0, 15, 15, 0]
obj=0 k=2 best = 3/2        (1.5000)  proved bound 2  [14s]
   n=16 B=6 a=[0, 0, 0, 1, 2, 2, 3, 3, 3, 3, 4, 4, 5, 5, 5, 5] x=[0, 1, 2, 2, 0, 0, 0, 2, 1, 1, 0, 0, 1, 1, 2, 2] tape=[12, 8, 8, 6, 15, 0, 2, 2, 5, 8, 12, 14, 8, 5, 11, 6]
obj=0 k=3 best = 5/2        (2.5000)  proved bound 4  [13s]
   n=16 B=12 a=[1, 1, 1, 1, 1, 1, 1, 3, 3, 3, 3, 3, 3, 3, 3, 4] x=[0, 0, 2, 0, 1, 2, 1, 0, 0, 2, 2, 1, 2, 1, 2, 1] tape=[11, 1, 6, 13, 2, 14, 2, 7, 0, 10, 8, 15, 15, 8, 1, 11]
obj=0 k=4 best = 7/2        (3.5000)  proved bound 6  [12s]
   n=14 B=18 a=[0, 0, 1, 1, 1, 1, 1, 2, 3, 3, 3, 3, 3, 3] x=[2, 1, 2, 2, 1, 1, 1, 0, 2, 2, 0, 2, 0, 1] tape=[7, 15, 3, 11, 11, 3, 0, 5, 7, 9, 7, 12, 7, 14]
obj=0 k=5 best = 4          (4.0000)  proved bound 8  [12s]
   n=16 B=21 a=[0, 0, 0, 0, 0, 0, 0, 0, 0, 0, 1, 1, 1, 1, 1, 1] x=[2, 2, 0, 2, 2, 2, 2, 0, 0, 2, 0, 0, 0, 1, 2, 2] tape=[15, 6, 14, 12, 1, 8, 9, 11, 7, 4, 14, 13, 9, 15, 12, 2]
obj=0 k=6 best = 5          (5.0000)  proved bound 10  [13s]
   n=14 B=31 a=[0, 0, 0, 0, 0, 0, 0, 0, 1, 1, 1, 1, 1, 2] x=[2, 2, 2, 2, 0, 0, 2, 2, 0, 2, 2, 0, 2, 0] tape=[7, 1, 10, 1, 15, 1, 0, 2, 10, 0, 14, 8, 1, 15]
obj=2 k=1 best = 2/3        (0.6667)  proved bound 1  [9s]
   n=5 B=1 a=[0, 0, 1, 1, 1] x=[0, 1, 1, 3, 0] tape=[14, 5, 7, 1, 13]
obj=2 k=2 best = 3          (3.0000)  proved bound 4  [8s]
   n=15 B=1 a=[1, 3, 4, 4, 4, 5, 5, 7, 7, 7, 7, 9, 9, 9, 10] x=[3, 3, 0, 1, 2, 1, 0, 2, 2, 3, 0, 3, 2, 3, 2] tape=[1, 10, 1, 12, 8, 15, 12, 0, 4, 0, 8, 9, 11, 12, 14]
obj=2 k=3 best = 14/3       (4.6667)  proved bound 7  [8s]
   n=10 B=4 a=[0, 0, 0, 0, 0, 1, 1, 2, 3, 3] x=[3, 3, 2, 0, 3, 3, 3, 0, 3, 1] tape=[8, 7, 15, 12, 14, 8, 6, 10, 7, 7]
obj=2 k=4 best = 20/3       (6.6667)  proved bound 10  [8s]
   n=10 B=4 a=[0, 0, 0, 0, 0, 0, 2, 2, 2, 3] x=[3, 0, 3, 3, 1, 3, 3, 3, 3, 3] tape=[12, 9, 6, 4, 9, 14, 14, 7, 13, 8]
obj=2 k=5 best = 23/3       (7.6667)  proved bound 13  [8s]
   n=16 B=7 a=[0, 0, 0, 0, 0, 0, 0, 0, 0, 0, 0, 1, 1, 1, 1, 1] x=[3, 3, 3, 3, 3, 3, 1, 3, 2, 2, 0, 1, 3, 1, 3, 3] tape=[14, 6, 11, 0, 4, 0, 9, 15, 7, 5, 7, 4, 0, 0, 4, 1]
obj=2 k=6 best = 22/3       (7.3333)  proved bound 16  [8s]
   n=15 B=2 a=[0, 0, 0, 1, 1, 1, 1, 1, 2, 2, 2, 2, 3, 3, 3] x=[3, 2, 0, 3, 1, 3, 0, 1, 3, 3, 3, 3, 2, 3, 0] tape=[8, 13, 0, 6, 11, 1, 10, 12, 9, 2, 9, 2, 10, 3, 15]
obj=2 k=1 best = 8/9        (0.8889)  proved bound 1  [38s]
   n=5 B=1 a=[0, 0, 1, 1, 1] x=[2, 3, 9, 1, 0] tape=[14, 5, 7, 1, 13]
obj=2 k=2 best = 29/9       (3.2222)  proved bound 4  [34s]
   n=16 B=7 a=[0, 1, 3, 4, 4, 5, 13, 14, 14, 14, 16, 16, 17, 17, 18, 18] x=[9, 0, 1, 9, 5, 0, 1, 9, 9, 6, 9, 4, 7, 8, 5, 6] tape=[14, 6, 14, 1, 1, 10, 12, 6, 1, 1, 9, 15, 10, 14, 9, 1]
obj=2 k=3 best = 44/9       (4.8889)  proved bound 7  [37s]
   n=12 B=10 a=[0, 0, 0, 0, 0, 0, 0, 1, 1, 1, 1, 1] x=[9, 9, 1, 0, 3, 9, 3, 0, 9, 9, 6, 5] tape=[8, 0, 12, 4, 6, 2, 15, 3, 13, 3, 4, 12]
obj=2 k=4 best = 48/7       (6.8571)  proved bound 10  [36s]
   n=10 B=8 a=[0, 0, 0, 0, 0, 0, 1, 2, 2, 2] x=[7, 7, 0, 7, 0, 7, 7, 7, 7, 7] tape=[8, 7, 7, 12, 14, 6, 15, 2, 5, 12]
obj=2 k=5 best = 76/9       (8.4444)  proved bound 13  [37s]
   n=14 B=9 a=[0, 0, 0, 0, 0, 0, 1, 1, 1, 1, 1, 2, 2, 2] x=[9, 9, 9, 9, 6, 8, 9, 1, 9, 9, 5, 3, 8, 8] tape=[8, 11, 3, 13, 10, 12, 14, 1, 5, 2, 8, 2, 3, 3]
obj=2 k=6 best = 86/9       (9.5556)  proved bound 16  [38s]
   n=15 B=10 a=[0, 0, 0, 0, 0, 0, 0, 1, 1, 1, 1, 1, 1, 1, 1] x=[9, 7, 7, 9, 9, 3, 9, 8, 3, 9, 9, 9, 0, 8, 7] tape=[1, 0, 7, 8, 0, 9, 13, 12, 6, 11, 6, 14, 11, 7, 7]
