T1 worst k=2 : k=2 n=16 L=2
   a    = [0, 0, 0, 1, 2, 2, 3, 3, 3, 3, 4, 4, 5, 5, 5, 5]
   x    = [0, 1, 2, 2, 0, 0, 0, 2, 1, 1, 0, 0, 1, 1, 2, 2]
   FCFS order [0, 1, 2, 3, 4, 5, 6, 7, 8, 9, 10, 11, 12, 13, 14, 15] starts [0, 0, 0, 1, 2, 2, 3, 3, 3, 4, 5, 5, 5, 5, 6, 6]
   P    order [0, 1, 2, 3, 5, 4, 8, 9, 7, 11, 6, 10, 12, 15, 14, 13] starts [0, 0, 0, 1, 2, 2, 4, 4, 3, 3, 4, 4, 5, 8, 6, 6]
   i=15  W_P=1 W_F=1 In=0 Out=3  D=3  |D|/L=3/2  bound 2(k-1)=2   holds=True

T1 worst k=3 : k=3 n=16 L=2
   a    = [1, 1, 1, 1, 1, 1, 1, 3, 3, 3, 3, 3, 3, 3, 3, 4]
   x    = [0, 0, 2, 0, 1, 2, 1, 0, 0, 2, 2, 1, 2, 1, 2, 1]
   FCFS order [0, 1, 2, 3, 4, 5, 6, 7, 8, 9, 10, 11, 12, 13, 14, 15] starts [1, 1, 1, 1, 1, 1, 2, 3, 3, 3, 3, 3, 4, 5, 5, 6]
   P    order [4, 1, 2, 3, 6, 0, 5, 14, 7, 12, 10, 8, 15, 13, 11, 9] starts [2, 1, 1, 1, 1, 2, 1, 3, 5, 6, 4, 6, 3, 5, 3, 5]
   i=11  W_P=3 W_F=0 In=6 Out=2  D=5  |D|/L=5/2  bound 2(k-1)=4   holds=True

T1 worst k=4 : k=4 n=14 L=2
   a    = [0, 0, 1, 1, 1, 1, 1, 2, 3, 3, 3, 3, 3, 3]
   x    = [2, 1, 2, 2, 1, 1, 1, 0, 2, 2, 0, 2, 0, 1]
   FCFS order [0, 1, 2, 3, 4, 5, 6, 7, 8, 9, 10, 11, 12, 13] starts [0, 0, 1, 1, 1, 2, 2, 3, 3, 3, 3, 3, 3, 3]
   P    order [1, 0, 5, 6, 4, 2, 3, 7, 9, 13, 12, 8, 11, 10] starts [0, 0, 2, 2, 1, 1, 1, 2, 4, 3, 4, 4, 4, 3]
   i=12  W_P=1 W_F=0 In=1 Out=4  D=7  |D|/L=7/2  bound 2(k-1)=6   holds=True

T1 worst k=5 : k=5 n=16 L=2
   a    = [0, 0, 0, 0, 0, 0, 0, 0, 0, 0, 1, 1, 1, 1, 1, 1]
   x    = [2, 2, 0, 2, 2, 2, 2, 0, 0, 2, 0, 0, 0, 1, 2, 2]
   FCFS order [0, 1, 2, 3, 4, 5, 6, 7, 8, 9, 10, 11, 12, 13, 14, 15] starts [0, 0, 0, 0, 0, 0, 2, 2, 2, 2, 2, 2, 2, 2, 2, 2]
   P    order [5, 7, 8, 6, 1, 4, 2, 9, 15, 12, 10, 13, 3, 0, 11, 14] starts [2, 0, 0, 2, 0, 0, 0, 0, 0, 0, 2, 2, 2, 2, 2, 2]
   i=5  W_P=0 W_F=0 In=0 Out=8  D=8  |D|/L=4  bound 2(k-1)=8   holds=True

T1 worst k=6 : k=6 n=14 L=2
   a    = [0, 0, 0, 0, 0, 0, 0, 0, 1, 1, 1, 1, 1, 2]
   x    = [2, 2, 2, 2, 0, 0, 2, 2, 0, 2, 2, 0, 2, 0]
   FCFS order [0, 1, 2, 3, 4, 5, 6, 7, 8, 9, 10, 11, 12, 13] starts [0, 0, 0, 0, 0, 0, 0, 0, 2, 2, 2, 2, 2, 2]
   P    order [7, 1, 5, 2, 6, 3, 0, 9, 12, 4, 11, 13, 10, 8] starts [0, 0, 0, 0, 2, 0, 0, 0, 2, 2, 2, 2, 2, 2]
   i=0  W_P=0 W_F=0 In=10 Out=0  D=-10  |D|/L=5  bound 2(k-1)=10   holds=True

T4 worst k=1 : k=1 n=5 L=9 B=1
   a=[0, 0, 1, 1, 1]
   x=[2, 3, 9, 1, 0]
   FCFS starts [0, 2, 5, 14, 15]
   guard starts [0, 11, 2, 14, 14]  order [0, 2, 1, 4, 3]
   i=1 excess=9  In=9 (bound B+kL=10, strict: True)  (k*excess-B)/L = 8/9  bound 3k-2 = 1  holds=True

T4 worst k=3 : k=3 n=12 L=9 B=10
   a=[0, 0, 0, 0, 0, 0, 0, 1, 1, 1, 1, 1]
   x=[9, 9, 1, 0, 3, 9, 3, 0, 9, 9, 6, 5]
   FCFS starts [0, 0, 0, 1, 1, 4, 9, 9, 9, 12, 13, 18]
   guard starts [0, 0, 18, 18, 0, 9, 18, 3, 9, 9, 3, 18]  order [1, 0, 4, 7, 10, 5, 8, 9, 2, 3, 6, 11]
   i=2 excess=18  In=36 (bound B+kL=37, strict: True)  (k*excess-B)/L = 44/9  bound 3k-2 = 7  holds=True

T4 worst k=4 : k=4 n=10 L=7 B=8
   a=[0, 0, 0, 0, 0, 0, 1, 2, 2, 2]
   x=[7, 7, 0, 7, 0, 7, 7, 7, 7, 7]
   FCFS starts [0, 0, 0, 0, 0, 0, 7, 7, 7, 7]
   guard starts [0, 0, 0, 0, 14, 0, 7, 7, 7, 7]  order [2, 3, 5, 0, 1, 6, 9, 8, 7, 4]
   i=4 excess=14  In=35 (bound B+kL=36, strict: True)  (k*excess-B)/L = 48/7  bound 3k-2 = 10  holds=True

T4 worst k=6 : k=6 n=15 L=9 B=10
   a=[0, 0, 0, 0, 0, 0, 0, 1, 1, 1, 1, 1, 1, 1, 1]
   x=[9, 7, 7, 9, 9, 3, 9, 8, 3, 9, 9, 9, 0, 8, 7]
   FCFS starts [0, 0, 0, 0, 0, 0, 3, 7, 7, 9, 9, 9, 10, 10, 12]
   guard starts [0, 0, 0, 0, 0, 16, 0, 9, 16, 9, 7, 7, 16, 9, 9]  order [1, 0, 4, 2, 3, 6, 10, 11, 14, 13, 7, 9, 5, 8, 12]
   i=5 excess=16  In=59 (bound B+kL=64, strict: True)  (k*excess-B)/L = 86/9  bound 3k-2 = 16  holds=True

