0/265 0s
50/265 7s
100/265 67s
150/265 137s
200/265 194s
250/265 616s
MODE shared
2 1 runs 1620 paths 2070 max(k*exc-bound) -9 max(In-bound) -9 r1 0.4000 ((0, 0), (2, 6), 1, 2, 1) r2 0.4000 ((0, 0), (2, 6), 1, 2, 1) viol 0 []
2 2 runs 1620 paths 1845 max(k*exc-bound) -38 max(In-bound) -22 r1 0.0000 ((0, 0), (2, 2), 2, 0, 1) r2 0.2143 ((0, 0), (2, 6), 2, 2, 1) viol 0 []
2 3 runs 1620 paths 1845 max(k*exc-bound) -63 max(In-bound) -35 r1 0.0000 ((0, 0), (2, 2), 3, 0, 1) r2 0.1463 ((0, 0), (2, 6), 3, 2, 1) viol 0 []
3 1 runs 17010 paths 60180 max(k*exc-bound) -3 max(In-bound) -3 r1 0.8000 ((0, 0, 1), (2, 6, 6), 1, 2, 1) r2 0.8000 ((0, 0, 1), (2, 6, 6), 1, 2, 1) viol 0 []
3 2 runs 17010 paths 30885 max(k*exc-bound) -28 max(In-bound) -16 r1 0.3000 ((0, 0, 0), (2, 6, 6), 2, 2, 1) r2 0.4286 ((0, 0, 0), (2, 6, 6), 2, 2, 1) viol 0 []
3 3 runs 17010 paths 27135 max(k*exc-bound) -63 max(In-bound) -29 r1 0.0000 ((0, 0, 1), (2, 2, 2), 3, 0, 1) r2 0.2927 ((0, 0, 0), (2, 6, 6), 3, 2, 1) viol 0 []
4 1 runs 136080 paths 2250798 max(k*exc-bound) -2 max(In-bound) -2 r1 0.8750 ((0, 0, 0, 1), (2, 2, 6, 6), 1, 3, 1) r2 0.8750 ((0, 0, 0, 1), (2, 2, 6, 6), 1, 3, 1) viol 0 []
4 2 runs 136080 paths 781500 max(k*exc-bound) -28 max(In-bound) -10 r1 0.3000 ((0, 0, 0, 1), (2, 2, 6, 4), 2, 2, 1) r2 0.6429 ((0, 0, 0, 1), (2, 6, 6, 6), 2, 2, 1) viol 0 []
4 3 runs 136080 paths 438930 max(k*exc-bound) -47 max(In-bound) -23 r1 0.2769 ((0, 0, 0, 0), (2, 6, 6, 6), 3, 2, 1) r2 0.4390 ((0, 0, 0, 0), (2, 6, 6, 6), 3, 2, 1) viol 0 []
5 1 runs 918540 paths 84170487 max(k*exc-bound) -2 max(In-bound) -2 r1 0.8889 ((0, 0, 0, 0, 1), (2, 2, 2, 6, 6), 1, 3, 3) r2 0.8889 ((0, 0, 0, 0, 1), (2, 2, 2, 6, 6), 1, 3, 3) viol 0 []
5 2 runs 918540 paths 33848613 max(k*exc-bound) -16 max(In-bound) -4 r1 0.6000 ((0, 0, 0, 0, 1), (2, 6, 6, 6, 6), 2, 2, 1) r2 0.8571 ((0, 0, 0, 0, 1), (2, 6, 6, 6, 6), 2, 2, 1) viol 0 []
5 3 runs 918540 paths 12580650 max(k*exc-bound) -47 max(In-bound) -17 r1 0.2769 ((0, 0, 0, 0, 1), (2, 2, 6, 6, 4), 3, 2, 1) r2 0.5854 ((0, 0, 0, 0, 1), (2, 6, 6, 6, 6), 3, 2, 1) viol 0 []
6 1 runs 653184 paths 389485629 max(k*exc-bound) -3 max(In-bound) -3 r1 0.8571 ((0, 0, 0, 0, 0, 2), (2, 2, 2, 2, 6, 6), 1, 8, 1) r2 0.8571 ((0, 0, 0, 0, 0, 2), (2, 2, 2, 2, 6, 6), 1, 8, 1) viol 0 []
6 2 runs 653184 paths 351202206 max(k*exc-bound) -16 max(In-bound) -4 r1 0.6000 ((0, 0, 0, 0, 0, 2), (2, 2, 4, 6, 6, 6), 2, 2, 1) r2 0.8571 ((0, 0, 0, 0, 0, 2), (2, 2, 6, 6, 6, 6), 2, 2, 1) viol 0 []
6 3 runs 653184 paths 159399888 max(k*exc-bound) -47 max(In-bound) -11 r1 0.2769 ((0, 0, 0, 0, 0, 2), (2, 2, 2, 4, 6, 4), 3, 2, 1) r2 0.7317 ((0, 0, 0, 0, 0, 2), (2, 6, 6, 6, 6, 6), 3, 2, 1) viol 0 []
0/265 0s
50/265 2s
100/265 16s
150/265 30s
200/265 42s
250/265 150s
MODE rbp
2 1 runs 324 paths 369 max(k*exc-bound) -2 max(In-bound) -2 r1 0.7500 ((0, 0), (2, 6), 1, 2, 0) r2 0.7500 ((0, 0), (2, 6), 1, 2, 0) viol 0 []
2 2 runs 324 paths 369 max(k*exc-bound) -24 max(In-bound) -8 r1 0.0000 ((0, 0), (2, 2), 2, 0, 0) r2 0.4286 ((0, 0), (2, 6), 2, 2, 0) viol 0 []
2 3 runs 324 paths 369 max(k*exc-bound) -42 max(In-bound) -14 r1 0.0000 ((0, 0), (2, 2), 3, 0, 0) r2 0.3000 ((0, 0), (2, 6), 3, 2, 0) viol 0 []
3 1 runs 3402 paths 6732 max(k*exc-bound) -1 max(In-bound) -1 r1 0.8889 ((0, 0, 1), (2, 2, 6), 1, 3, 0) r2 0.8889 ((0, 0, 1), (2, 2, 6), 1, 3, 0) viol 0 []
3 2 runs 3402 paths 5967 max(k*exc-bound) -14 max(In-bound) -2 r1 0.4615 ((0, 0, 0), (2, 6, 6), 2, 2, 0) r2 0.8571 ((0, 0, 0), (2, 6, 6), 2, 2, 0) viol 0 []
3 3 runs 3402 paths 5427 max(k*exc-bound) -42 max(In-bound) -8 r1 0.0000 ((0, 0, 1), (2, 2, 2), 3, 0, 0) r2 0.6000 ((0, 0, 0), (2, 6, 6), 3, 2, 0) viol 0 []
4 1 runs 27216 paths 127413 max(k*exc-bound) -1 max(In-bound) -1 r1 0.8889 ((0, 0, 0, 1), (2, 2, 2, 6), 1, 3, 0) r2 0.8889 ((0, 0, 0, 1), (2, 2, 2, 6), 1, 3, 0) viol 0 []
4 2 runs 27216 paths 115626 max(k*exc-bound) -14 max(In-bound) -1 r1 0.4615 ((0, 0, 0, 1), (2, 2, 6, 4), 2, 2, 0) r2 0.9333 ((0, 0, 0, 1), (2, 2, 6, 6), 2, 3, 0) viol 0 []
4 3 runs 27216 paths 88836 max(k*exc-bound) -26 max(In-bound) -2 r1 0.4091 ((0, 0, 0, 0), (2, 6, 6, 6), 3, 2, 0) r2 0.9000 ((0, 0, 0, 0), (2, 6, 6, 6), 3, 2, 0) viol 0 []
5 1 runs 183708 paths 2356920 max(k*exc-bound) -1 max(In-bound) -1 r1 0.8889 ((0, 0, 0, 0, 1), (2, 2, 2, 2, 6), 1, 3, 0) r2 0.8889 ((0, 0, 0, 0, 1), (2, 2, 2, 2, 6), 1, 3, 0) viol 0 []
5 2 runs 183708 paths 2886297 max(k*exc-bound) -8 max(In-bound) -1 r1 0.7500 ((0, 0, 0, 0, 1), (6, 2, 6, 6, 6), 2, 8, 0) r2 0.9333 ((0, 0, 0, 0, 1), (2, 2, 2, 6, 6), 2, 3, 0) viol 0 []
5 3 runs 183708 paths 2153280 max(k*exc-bound) -26 max(In-bound) -1 r1 0.4091 ((0, 0, 0, 0, 1), (2, 2, 6, 6, 4), 3, 2, 0) r2 0.9524 ((0, 0, 0, 0, 1), (2, 2, 6, 6, 6), 3, 3, 0) viol 0 []
6 1 runs 163296 paths 6400620 max(k*exc-bound) -2 max(In-bound) -2 r1 0.8571 ((0, 0, 0, 0, 0, 2), (2, 2, 2, 2, 2, 6), 1, 8, 0) r2 0.8571 ((0, 0, 0, 0, 0, 2), (2, 2, 2, 2, 2, 6), 1, 8, 0) viol 0 []
6 2 runs 163296 paths 16709925 max(k*exc-bound) -8 max(In-bound) -2 r1 0.7500 ((0, 0, 0, 0, 0, 2), (6, 2, 2, 4, 6, 6), 2, 8, 0) r2 0.9000 ((0, 0, 0, 0, 0, 2), (2, 2, 2, 2, 6, 6), 2, 8, 0) viol 0 []
6 3 runs 163296 paths 19744299 max(k*exc-bound) -26 max(In-bound) -2 r1 0.4091 ((0, 0, 0, 0, 0, 2), (2, 2, 2, 4, 6, 4), 3, 2, 0) r2 0.9231 ((0, 0, 0, 0, 0, 2), (2, 2, 4, 6, 6, 6), 3, 8, 0) viol 0 []
0/265 0s
50/265 9s
100/265 99s
150/265 167s
200/265 228s
250/265 896s
MODE pserv
2 1 runs 1620 paths 1845 max(k*exc-bound) -2 max(In-bound) -2 r1 0.7500 ((0, 0), (2, 6), 1, 2, 1) r2 0.7500 ((0, 0), (2, 6), 1, 2, 1) viol 0 []
2 2 runs 1620 paths 1845 max(k*exc-bound) -31 max(In-bound) -15 r1 0.0000 ((0, 1), (2, 2), 2, 0, 1) r2 0.2857 ((0, 0), (2, 6), 2, 2, 1) viol 0 []
2 3 runs 1620 paths 1845 max(k*exc-bound) -56 max(In-bound) -28 r1 0.0000 ((0, 1), (2, 2), 3, 0, 1) r2 0.1765 ((0, 0), (2, 6), 3, 2, 1) viol 0 []
3 1 runs 17010 paths 33660 max(k*exc-bound) -1 max(In-bound) -1 r1 0.8889 ((0, 0, 1), (2, 2, 6), 1, 3, 1) r2 0.8889 ((0, 0, 1), (2, 2, 6), 1, 3, 1) viol 0 []
3 2 runs 17010 paths 29835 max(k*exc-bound) -21 max(In-bound) -9 r1 0.3636 ((0, 0, 0), (2, 6, 6), 2, 2, 1) r2 0.5714 ((0, 0, 0), (2, 6, 6), 2, 2, 1) viol 0 []
3 3 runs 17010 paths 27135 max(k*exc-bound) -56 max(In-bound) -22 r1 0.0000 ((0, 0, 1), (2, 2, 2), 3, 0, 1) r2 0.3529 ((0, 0, 0), (2, 6, 6), 3, 2, 1) viol 0 []
4 1 runs 136080 paths 637065 max(k*exc-bound) -1 max(In-bound) -1 r1 0.8889 ((0, 0, 0, 1), (2, 2, 2, 6), 1, 3, 1) r2 0.8889 ((0, 0, 0, 1), (2, 2, 2, 6), 1, 3, 1) viol 0 []
4 2 runs 136080 paths 616131 max(k*exc-bound) -21 max(In-bound) -8 r1 0.3636 ((0, 0, 0, 1), (2, 2, 6, 4), 2, 2, 1) r2 0.6667 ((0, 0, 0, 1), (2, 6, 6, 6), 2, 8, 1) viol 0 []
4 3 runs 136080 paths 444180 max(k*exc-bound) -40 max(In-bound) -16 r1 0.3103 ((0, 0, 0, 0), (2, 6, 6, 6), 3, 2, 1) r2 0.5294 ((0, 0, 0, 0), (2, 6, 6, 6), 3, 2, 1) viol 0 []
5 1 runs 918540 paths 11784600 max(k*exc-bound) -1 max(In-bound) -1 r1 0.8889 ((0, 0, 0, 0, 1), (2, 2, 2, 2, 6), 1, 3, 1) r2 0.8889 ((0, 0, 0, 0, 1), (2, 2, 2, 2, 6), 1, 3, 1) viol 0 []
5 2 runs 918540 paths 17984166 max(k*exc-bound) -15 max(In-bound) -3 r1 0.6154 ((0, 0, 0, 0, 1), (2, 6, 6, 6, 6), 2, 8, 1) r2 0.8889 ((0, 0, 0, 0, 1), (2, 6, 6, 6, 6), 2, 8, 1) viol 0 []
5 3 runs 918540 paths 12749331 max(k*exc-bound) -40 max(In-bound) -15 r1 0.3103 ((0, 0, 0, 0, 1), (2, 2, 6, 6, 4), 3, 2, 1) r2 0.6000 ((0, 0, 0, 0, 1), (2, 6, 6, 6, 6), 3, 8, 1) viol 0 []
6 1 runs 653184 paths 25602480 max(k*exc-bound) -2 max(In-bound) -2 r1 0.8571 ((0, 0, 0, 0, 0, 2), (2, 2, 2, 2, 2, 6), 1, 8, 1) r2 0.8571 ((0, 0, 0, 0, 0, 2), (2, 2, 2, 2, 2, 6), 1, 8, 1) viol 0 []
6 2 runs 653184 paths 115212528 max(k*exc-bound) -15 max(In-bound) -3 r1 0.6154 ((0, 0, 0, 0, 0, 2), (2, 2, 4, 6, 6, 6), 2, 8, 1) r2 0.8889 ((0, 0, 0, 0, 0, 2), (2, 2, 6, 6, 6, 6), 2, 8, 1) viol 0 []
6 3 runs 653184 paths 164305482 max(k*exc-bound) -40 max(In-bound) -10 r1 0.3103 ((0, 0, 0, 0, 0, 2), (2, 2, 2, 4, 6, 4), 3, 2, 1) r2 0.7500 ((0, 0, 0, 0, 0, 2), (2, 6, 6, 6, 6, 6), 3, 8, 1) viol 0 []
