counts_reconcile.py output, 2026-09-18 22:03

=== official table: column sums vs printed Total ===
  classes   sum_of_semesters=      129 printed_total=      129 diff=+0
  students  sum_of_semesters=    5,229 printed_total=    5,229 diff=+0
  hw_ex     sum_of_semesters=   18,305 printed_total=   18,553 diff=-248
  exam_ex   sum_of_semesters=    2,544 printed_total=    2,544 diff=+0
  codes     sum_of_semesters=  449,815 printed_total=  449,815 diff=+0
  execs     sum_of_semesters=4,807,564 printed_total=4,561,318 diff=+246,246

=== archive layout checks ===
  members=1,409,666 files=1,380,106 top-dir != semester: 0; duplicate member paths: 0
k         OTHER:/  OTHER:users/mousemove  assessments  codemirror  codes  executions  grades  user_file:eventos.log  user_file:logins.log  user_file:user.data
semester                                                                                                                                                      
2016-1          0                      0          136       29991  29991       29991    5701                      0                   535                  535
2016-2          0                      0           85        9489   9489        9489    1781                      0                   176                  176
2017-1          0                      0          226       38248  38248       38248    6814                      0                   482                  482
2017-2          0                      0          103       10927  10927       10927    1968                      0                   190                  190
2018-1          0                      0          204       47917  47943       47943    7112                      0                   486                  486
2018-2          0                      0          114       13428  13448       13448    1818                      0                   190                  190
2019-1          1                      0          212       38325  38357       38357    5964                      0                   507                  507
2019-2          0                   1378           48       12202  12202       12202    1126                      0                   297                  297
2020-ERE        0                      0           43       45467  45467       45467    5027                      0                   509                  509
2020-1          0                      0           60       18423  18681       18681    1387                      0                   229                  229
2020-2          0                   1181           56       17726  17793       17793    1353                    206                   206                  206
2021-1          0                   1679          101       18733  18978       18978    1904                    227                   227                  227
2021-2          0                   2818          184       19501  19583       19583    3037                    226                   226                  226
2022-1          0                     34          177       19356  19438       19438    3003                    241                   241                  241
2022-2          0                    756          172       17201  17363       17363    2392                    203                   203                  203
2023-1          0                      0          137       24739  24806       24806    3229                    270                   270                  270
2023-2          0                      5          149       22663  22810       22810    2951                    230                   230                  230
2024-1          0                    288          191       26757  26894       26894    4308                    251                   251                  251
  unexpected member kinds (first 15):
semester  k                    
2019-1    OTHER:/                     1
2019-2    OTHER:users/mousemove    1378
2020-2    OTHER:users/mousemove    1181
          user_file:eventos.log     206
2021-1    OTHER:users/mousemove    1679
          user_file:eventos.log     227
2021-2    OTHER:users/mousemove    2818
          user_file:eventos.log     226
2022-1    OTHER:users/mousemove      34
          user_file:eventos.log     241
2022-2    OTHER:users/mousemove     756
          user_file:eventos.log     203
2023-1    user_file:eventos.log     270
2023-2    OTHER:users/mousemove       5
          user_file:eventos.log     230
  uncompressed MB by member kind:
k         OTHER:/  OTHER:users/mousemove  assessments  codemirror  codes  executions  grades  user_file:eventos.log  user_file:logins.log  user_file:user.data
semester                                                                                                                                                      
2016-1          0                      0            0        1464      9         220       1                      0                     2                    0
2016-2          0                      0            0         497      2          73       0                      0                     1                    0
2017-1          0                      0            0        1766     11         246       1                      0                     2                    0
2017-2          0                      0            0         540      3          72       0                      0                     1                    0
2018-1          0                      0            0        2512     14         273       1                      0                     2                    0
2018-2          0                      0            0         726      4          93       0                      0                     1                    0
2019-1          0                      0            0        2446     10         301       1                      0                     2                    0
2019-2          0                   2284            0         784      2          53       0                      0                     1                    0
2020-ERE        0                      0            0        5240     11         254       0                      0                     2                    0
2020-1          0                      0            0        2282      5         119       0                      0                     1                    0
2020-2          0                   2592            0        2162      4          97       0                     29                     1                    0
2021-1          0                   4532            0        2355      5         104       0                     36                     1                    0
2021-2          0                   5700            0        2022      4         118       0                     50                     1                    0
2022-1          0                      3            0        2059      5         108       0                     51                     1                    0
2022-2          0                   1193            0        1471      4          77       0                     41                     1                    0
2023-1          0                      0            0        2350      6         122       0                     67                     1                    0
2023-2          0                      0            0        2045      5         107       0                     52                     1                    0
2024-1          0                    147            0        2367      6         117       0                     59                     1                    0
  server HEAD check (stage h): 18/18 local archives have the server's Content-Length; server Last-Modified dates: {'12 Aug 2022': 9, '24 Oct 2024': 7, '21 Oct 2022': 1, '27 Nov 2023': 1}
  stream check (stage z): gzip members, decompressed bytes, members seen by tarfile 'r|gz'
  vs a multi-member gzip reader with ignore_zeros=True:
 archive  compressed  gzip_members  decompressed  rgz_members  rgz_end_offset  full_members  full_end_offset  same_members
  2016_1   174487574             1    1773414400        99583      1773404160         99583       1773414400          True
  2016_2    58336822             1     598353920        31581       598348800         31581        598353920          True
  2017_1   209750966             1    2124236800       125189      2124233216        125189       2124236800          True
  2017_2    62205020             1     644526080        36198       644523008         36198        644526080          True
  2018_1   270473928             1    2923878400       154549      2923873280        154549       2923878400          True
  2018_2    77535547             1     858060800        43602       858054144         43602        858060800          True
  2019_1   258414153             1    2857748480       124793      2857744384        124793       2857748480          True
  2019_2   399512470             1    3156746240        41556      3156737536         41556       3156746240          True
  2020_1   260986727             1    2452551680        58857      2452546048         58857       2452551680          True
  2020_2   598866079             1    4930150400        57775      4930141696         57775       4930150400          True
2020_ERE   594526504             1    5622190080       145044      5622188032        145044       5622190080          True
  2021_1   876285915             1    7081287680        62438      7081277952         62438       7081287680          True
  2021_2  1001315117             1    7947704320        66765      7947697152         66765       7947704320          True
  2022_1   238234802             1    2278133760        63640      2278132224         63640       2278133760          True
  2022_2   336591202             1    2832558080        57101      2832557056         57101       2832558080          True
  2023_1   271701503             1    2609049600        79899      2609047040         79899       2609049600          True
  2023_2   237054274             1    2267873280        73480      2267872256         73480       2267873280          True
  2024_1   293907257             1    2766499840        87616      2766490624         87616       2766499840          True

=== CS1 classes: official vs candidates (value, then candidate - official) ===
          official  class_dirs  with_assessments  with_users  with_both
semester                                                               
2016-1           9           9                 9           9          9
2016-2           5           5                 5           5          5
2017-1          10          10                10          10         10
2017-2           5           5                 5           5          5
2018-1           9           9                 9           9          9
2018-2           5           5                 5           5          5
2019-1           9          10                 9           9          9
2019-2           7           7                 7           7          7
2020-ERE         3           3                 3           3          3
2020-1           7           7                 7           7          7
2020-2           6           6                 6           6          6
2021-1           7           7                 7           7          7
2021-2           8           8                 8           8          8
2022-1           8           8                 8           8          8
2022-2           9           9                 9           8          8
2023-1           7           7                 7           7          7
2023-2           7           7                 7           7          7
2024-1           8           8                 8           8          8
SUM            129         130               129         128        128
-- residuals:
            class_dirs  with_assessments  with_users  with_both
semester                                                       
2016-1               0                 0           0          0
2016-2               0                 0           0          0
2017-1               0                 0           0          0
2017-2               0                 0           0          0
2018-1               0                 0           0          0
2018-2               0                 0           0          0
2019-1               1                 0           0          0
2019-2               0                 0           0          0
2020-ERE             0                 0           0          0
2020-1               0                 0           0          0
2020-2               0                 0           0          0
2021-1               0                 0           0          0
2021-2               0                 0           0          0
2022-1               0                 0           0          0
2022-2               0                 0          -1         -1
2023-1               0                 0           0          0
2023-2               0                 0           0          0
2024-1               0                 0           0          0
exact_sems          17                18          17         17
sum_abs              1                 0           1          1

=== students: official vs candidates (value, then candidate - official) ===
          official  user_dirs  distinct_uid  user.data  logins.log  final_grade  grades_dir  codes_dir  exec_file  exec_block  submit>=1  cls_w_ass  exec_in_ass
semester                                                                                                                                                        
2016-1         471        535           471        535         535            0         472        535        535         519        515        535          535
2016-2         172        176           172        176         176            0         172        176        176         174        170        176          176
2017-1         463        482           463        482         482            0         463        482        482         477        471        482          482
2017-2         177        190           177        190         190            0         174        190        190         187        178        190          190
2018-1         465        486           465        486         486            0         474        486        486         482        478        486          486
2018-2         180        190           180        190         190            0         176        190        190         187        185        190          190
2019-1         489        507           489        507         507            0         475        507        507         503        496        507          507
2019-2         297        297           282        297         297            0         267        297        297         296        291        297          297
2020-ERE       492        509           492        509         509            0         502        509        509         504        497        509          509
2020-1         228        229           227        229         229            0         229        229        229         221        214        229          229
2020-2         200        206           200        206         206            0         206        206        206         203        198        206          206
2021-1         224        227           224        227         227            0         227        227        227         217        213        227          227
2021-2         219        226           219        226         226            0         226        226        226         224        222        226          226
2022-1         238        241           238        241         241            0         241        241        241         237        235        241          241
2022-2         196        203           196        203         203            0         203        203        203         198        195        203          203
2023-1         255        270           255        270         270            0         270        270        270         263        261        270          270
2023-2         222        230           222        230         230            0         230        230        230         225        224        230          230
2024-1         241        251           241        251         251            0         251        251        251         249        248        251          251
SUM           5229       5455          5213       5455        5455            0        5258       5455       5455        5366       5291       5455         5455
-- residuals:
            user_dirs  distinct_uid  user.data  logins.log  final_grade  grades_dir  codes_dir  exec_file  exec_block  submit>=1  cls_w_ass  exec_in_ass
semester                                                                                                                                                
2016-1             64             0         64          64         -471           1         64         64          48         44         64           64
2016-2              4             0          4           4         -172           0          4          4           2         -2          4            4
2017-1             19             0         19          19         -463           0         19         19          14          8         19           19
2017-2             13             0         13          13         -177          -3         13         13          10          1         13           13
2018-1             21             0         21          21         -465           9         21         21          17         13         21           21
2018-2             10             0         10          10         -180          -4         10         10           7          5         10           10
2019-1             18             0         18          18         -489         -14         18         18          14          7         18           18
2019-2              0           -15          0           0         -297         -30          0          0          -1         -6          0            0
2020-ERE           17             0         17          17         -492          10         17         17          12          5         17           17
2020-1              1            -1          1           1         -228           1          1          1          -7        -14          1            1
2020-2              6             0          6           6         -200           6          6          6           3         -2          6            6
2021-1              3             0          3           3         -224           3          3          3          -7        -11          3            3
2021-2              7             0          7           7         -219           7          7          7           5          3          7            7
2022-1              3             0          3           3         -238           3          3          3          -1         -3          3            3
2022-2              7             0          7           7         -196           7          7          7           2         -1          7            7
2023-1             15             0         15          15         -255          15         15         15           8          6         15           15
2023-2              8             0          8           8         -222           8          8          8           3          2          8            8
2024-1             10             0         10          10         -241          10         10         10           8          7         10           10
exact_sems          1            16          1           1            0           2          1          1           0          0          1            1
sum_abs           226            16        226         226         5229         131        226        226         169        140        226          226

  assessment type values: {'homework': 1581, 'exam': 817}

=== homework exercises: official vs candidates (value, then candidate - official) ===
          official  sum_total_ex  sum_listed  distinct_ex  distinct_cls_ex  n_assessments
semester                                                                                 
2016-1         681           681         681           77              672             75
2016-2         447           447         447          100              443             45
2017-1        1278          1278        1278          129             1268            151
2017-2         556           556         556          127              553             63
2018-1        1550          1550        1549          184             1522            134
2018-2         893           893         893          181              883             75
2019-1        1559          1559        1559          181             1543            135
2019-2        1116           441         439           71              423             37
2020-ERE       420           420         420          139              417             39
2020-1        1008           977         977          190              972             56
2020-2         882           882         881          177              864             52
2021-1         962           962         959          174              937             56
2021-2        1180          1180        1180          165             1177            119
2022-1        1158          1158        1158          150             1146            114
2022-2        1257          1257        1257          178             1254            112
2023-1        1009          1009        1009          164             1008             84
2023-2        1157          1157        1150          178             1124             97
2024-1        1192          1192        1192          189             1167            137
SUM          18305         17599       17585         2754            17373           1581
-- residuals:
            sum_total_ex  sum_listed  distinct_ex  distinct_cls_ex  n_assessments
semester                                                                         
2016-1                 0           0         -604               -9           -606
2016-2                 0           0         -347               -4           -402
2017-1                 0           0        -1149              -10          -1127
2017-2                 0           0         -429               -3           -493
2018-1                 0          -1        -1366              -28          -1416
2018-2                 0           0         -712              -10           -818
2019-1                 0           0        -1378              -16          -1424
2019-2              -675        -677        -1045             -693          -1079
2020-ERE               0           0         -281               -3           -381
2020-1               -31         -31         -818              -36           -952
2020-2                 0          -1         -705              -18           -830
2021-1                 0          -3         -788              -25           -906
2021-2                 0           0        -1015               -3          -1061
2022-1                 0           0        -1008              -12          -1044
2022-2                 0           0        -1079               -3          -1145
2023-1                 0           0         -845               -1           -925
2023-2                 0          -7         -979              -33          -1060
2024-1                 0           0        -1003              -25          -1055
exact_sems            16          12            0                0              0
sum_abs              706         720        15551              932          16724

=== exam exercises: official vs candidates (value, then candidate - official) ===
          official  sum_total_ex  sum_listed  distinct_ex  distinct_cls_ex  n_assessments
semester                                                                                 
2016-1         124           124         124           19              122             61
2016-2         110           110         110           32              110             40
2017-1         163           163         163           26              157             75
2017-2         103           103         103           36               97             40
2018-1         182           182         181           43              173             70
2018-2         107           107         107           36              105             39
2019-1         176           176         176           49              175             77
2019-2         138            25          25            9               24             11
2020-ERE         8             8           8            2                6              4
2020-1          12             8           8            4                6              4
2020-2           8             8           8            7                7              4
2021-1         154           154         154           78              142             45
2021-2         195           195         195           34              192             65
2022-1         188           188         188           37              188             63
2022-2         240           240         240           36              235             60
2023-1         212           212         212           46              212             53
2023-2         208           208         208           34              208             52
2024-1         216           216         216           37              216             54
SUM           2544          2427        2426          565             2375            817
-- residuals:
            sum_total_ex  sum_listed  distinct_ex  distinct_cls_ex  n_assessments
semester                                                                         
2016-1                 0           0         -105               -2            -63
2016-2                 0           0          -78                0            -70
2017-1                 0           0         -137               -6            -88
2017-2                 0           0          -67               -6            -63
2018-1                 0          -1         -139               -9           -112
2018-2                 0           0          -71               -2            -68
2019-1                 0           0         -127               -1            -99
2019-2              -113        -113         -129             -114           -127
2020-ERE               0           0           -6               -2             -4
2020-1                -4          -4           -8               -6             -8
2020-2                 0           0           -1               -1             -4
2021-1                 0           0          -76              -12           -109
2021-2                 0           0         -161               -3           -130
2022-1                 0           0         -151                0           -125
2022-2                 0           0         -204               -5           -180
2023-1                 0           0         -166                0           -159
2023-2                 0           0         -174                0           -156
2024-1                 0           0         -179                0           -162
exact_sems            16          15            0                5              0
sum_abs              117         118         1979              169           1727

=== homework+exam exercises (official hw+exam): official vs candidates (value, then candidate - official) ===
          official  sum_total_ex_all  sum_listed_all
semester                                            
2016-1         805               805             805
2016-2         557               557             557
2017-1        1441              1441            1441
2017-2         659               659             659
2018-1        1732              1732            1730
2018-2        1000              1000            1000
2019-1        1735              1735            1735
2019-2        1254               466             464
2020-ERE       428               428             428
2020-1        1020               985             985
2020-2         890               890             889
2021-1        1116              1116            1113
2021-2        1375              1375            1375
2022-1        1346              1346            1346
2022-2        1497              1497            1497
2023-1        1221              1221            1221
2023-2        1365              1365            1358
2024-1        1408              1408            1408
SUM          20849             20026           20011
-- residuals:
            sum_total_ex_all  sum_listed_all
semester                                    
2016-1                     0               0
2016-2                     0               0
2017-1                     0               0
2017-2                     0               0
2018-1                     0              -2
2018-2                     0               0
2019-1                     0               0
2019-2                  -788            -790
2020-ERE                   0               0
2020-1                   -35             -35
2020-2                     0              -1
2021-1                     0              -3
2021-2                     0               0
2022-1                     0               0
2022-2                     0               0
2023-1                     0               0
2023-2                     0              -7
2024-1                     0               0
exact_sems                16              12
sum_abs                  823             838

=== codes: official vs candidates (value, then candidate - official) ===
          official  code_files  code_files_nonempty  exec_files  codemirror_files  union_3  exec_files_w_block
semester                                                                                                      
2016-1       30140       29991                29910       29991             29991    29991               29111
2016-2        9501        9489                 9467        9489              9489     9489                9223
2017-1       38304       38248                38201       38248             38248    38248               37312
2017-2       10942       10927                10915       10927             10927    10927               10672
2018-1       47969       47943                47897       47943             47917    47943               46910
2018-2       13458       13448                13428       13448             13428    13448               13141
2019-1       38417       38357                38212       38357             38325    38357               37140
2019-2       28348       12202                12155       12202             12202    12202               11967
2020-ERE     45491       45467                45372       45467             45467    45467               44854
2020-1       19246       18681                18306       18681             18423    18681               18014
2020-2       17848       17793                17633       17793             17726    17793               17318
2021-1       19022       18978                18608       18978             18733    18978               18152
2021-2       19627       19583                19340       19583             19501    19583               18817
2022-1       19457       19438                19181       19438             19356    19438               18716
2022-2       17403       17363                16961       17363             17201    17363               16527
2023-1       24834       24806                24484       24806             24739    24806               23896
2023-2       22880       22810                22453       22810             22663    22810               21838
2024-1       26928       26894                26521       26894             26757    26894               25827
SUM         449815      432418               429044      432418            431093   432418              419435
-- residuals:
            code_files  code_files_nonempty  exec_files  codemirror_files  union_3  exec_files_w_block
semester                                                                                              
2016-1            -149                 -230        -149              -149     -149               -1029
2016-2             -12                  -34         -12               -12      -12                -278
2017-1             -56                 -103         -56               -56      -56                -992
2017-2             -15                  -27         -15               -15      -15                -270
2018-1             -26                  -72         -26               -52      -26               -1059
2018-2             -10                  -30         -10               -30      -10                -317
2019-1             -60                 -205         -60               -92      -60               -1277
2019-2          -16146               -16193      -16146            -16146   -16146              -16381
2020-ERE           -24                 -119         -24               -24      -24                -637
2020-1            -565                 -940        -565              -823     -565               -1232
2020-2             -55                 -215         -55              -122      -55                -530
2021-1             -44                 -414         -44              -289      -44                -870
2021-2             -44                 -287         -44              -126      -44                -810
2022-1             -19                 -276         -19              -101      -19                -741
2022-2             -40                 -442         -40              -202      -40                -876
2023-1             -28                 -350         -28               -95      -28                -938
2023-2             -70                 -427         -70              -217      -70               -1042
2024-1             -34                 -407         -34              -171      -34               -1101
exact_sems           0                    0           0                 0        0                   0
sum_abs          17397                20771       17397             18722    17397               30380

=== tests and submissions: official vs candidates (value, then candidate - official) ===
          official  parquet_rows  raw_blocks  head_lines  any_head_lines  segments  minus_exact_dup  minus_tskind_dup  minus_empty_code  minus_dup_and_empty  minus_notime_dup  minus_samecode_dup  submit_only
2016-1      322500        321722      321722      321722          321728    321722           301556            299947            321674               301508            301556              300040       153931
2016-2      126286        126180      126180      126180          126180    126180           121424            121194            126180               121424            121424              121233        38881
2017-1      419603        419165      419165      419165          419165    419165           406063            405643            419165               406063            406063              405698       119802
2017-2      125848        125791      125791      125791          125791    125791           121220            121148            125791               121220            121201              121174        27594
2018-1      455484        455353      455353      455353          455353    455353           451696            441291            455353               451696            446410              441452       148710
2018-2      163821        163785      163785      163785          163785    163785           160770            157540            163785               160770            159245              157625        46756
2019-1      540537        539846      539846      539846          539846    539846           528545            510007            539846               528545            517325              510408       162121
2019-2      308340        128729      128729      128729          128729    128729           124708            120710            128729               124708            122063              120771        46991
2020-ERE    457404        457064      457064      457064          457064    457064           453354            450061            457064               453354            451743              450110       147380
2020-1      214208        207769      207769      207769          207769    207769           206713            206146            207769               206713            206477              206159        56213
2020-2      177364        177134      177134      177134          177134    177134           170797            170197            177134               170797            170450              170220        49550
2021-1      191238        188967      188967      188967          188967    188967           187777            187084            188967               187777            187430              187117        57080
2021-2      226982        226602      226602      226602          226602    226602           209231            207689            226602               209231            208528              207751        55957
2022-1      210502        210346      210346      210346          210346    210346           208553            207421            210346               208553            208051              207532        51547
2022-2      166694        163204      163204      163204          163204    163204           158472            157895            163204               158472            158221              157932        40844
2023-1      244538        244481      244481      244481          244481    244481           241659            240603            244481               241659            241101              240669        64852
2023-2      213190        212559      212559      212559          212559    212559           207002            205283            212559               207002            206149              205394        58885
2024-1      243025        242628      242628      242628          242628    242628           238221            235570            242628               238221            236528              235667        71707
SUM        4807564       4611325     4611325     4611325         4611331   4611325          4497761           4445429           4611277              4497713           4469965             4446952      1398801
-- residuals:
            parquet_rows  raw_blocks  head_lines  any_head_lines  segments  minus_exact_dup  minus_tskind_dup  minus_empty_code  minus_dup_and_empty  minus_notime_dup  minus_samecode_dup  submit_only
2016-1              -778        -778        -778            -772      -778           -20944            -22553              -826               -20992            -20944              -22460      -168569
2016-2              -106        -106        -106            -106      -106            -4862             -5092              -106                -4862             -4862               -5053       -87405
2017-1              -438        -438        -438            -438      -438           -13540            -13960              -438               -13540            -13540              -13905      -299801
2017-2               -57         -57         -57             -57       -57            -4628             -4700               -57                -4628             -4647               -4674       -98254
2018-1              -131        -131        -131            -131      -131            -3788            -14193              -131                -3788             -9074              -14032      -306774
2018-2               -36         -36         -36             -36       -36            -3051             -6281               -36                -3051             -4576               -6196      -117065
2019-1              -691        -691        -691            -691      -691           -11992            -30530              -691               -11992            -23212              -30129      -378416
2019-2           -179611     -179611     -179611         -179611   -179611          -183632           -187630           -179611              -183632           -186277             -187569      -261349
2020-ERE            -340        -340        -340            -340      -340            -4050             -7343              -340                -4050             -5661               -7294      -310024
2020-1             -6439       -6439       -6439           -6439     -6439            -7495             -8062             -6439                -7495             -7731               -8049      -157995
2020-2              -230        -230        -230            -230      -230            -6567             -7167              -230                -6567             -6914               -7144      -127814
2021-1             -2271       -2271       -2271           -2271     -2271            -3461             -4154             -2271                -3461             -3808               -4121      -134158
2021-2              -380        -380        -380            -380      -380           -17751            -19293              -380               -17751            -18454              -19231      -171025
2022-1              -156        -156        -156            -156      -156            -1949             -3081              -156                -1949             -2451               -2970      -158955
2022-2             -3490       -3490       -3490           -3490     -3490            -8222             -8799             -3490                -8222             -8473               -8762      -125850
2023-1               -57         -57         -57             -57       -57            -2879             -3935               -57                -2879             -3437               -3869      -179686
2023-2              -631        -631        -631            -631      -631            -6188             -7907              -631                -6188             -7041               -7796      -154305
2024-1              -397        -397        -397            -397      -397            -4804             -7455              -397                -4804             -6497               -7358      -171318
exact_sems             0           0           0               0         0                0                 0                 0                    0                 0                   0            0
sum_abs           196239      196239      196239          196233    196239           309803            362135            196287               309851            337599              360612      3408763

=== raw block diagnostics per semester ===
  dup_exact: byte-identical to an earlier block of the same file; dup_notime: identical except the
  EXECUTION TIME value; dup_samecode: same header (kind+ts) and same code; dup_tskind: same kind+ts;
  parquet_dup_key: rows duplicated on (class,user,assessment,exercise,ts,kind) in events parquet
          seg_nohead  multi_head_seg     sub    test  dup_exact  dup_exact_adjacent  dup_exact_sub  dup_notime  dup_notime_sub  dup_notime_adjacent  dup_samecode  dup_tskind  empty_code  no_code  parquet_dup_key
semester                                                                                                                                                                                                           
2016-1             0               0  153931  167791      20166               19534          14936       20166           14936                19534         21682       21775          48        0            21775
2016-2             0               0   38881   87299       4756                4666           2380        4756            2380                 4666          4947        4986           0        0             4986
2017-1             0               0  119802  299363      13102               12821           5763       13102            5763                12821         13467       13522           0        0            13522
2017-2             0               0   27594   98197       4571                4567              5        4590              24                 4586          4617        4643           0        0             4643
2018-1             0               0  148710  306643       3657                3554              0        8943            5286                 8163         13901       14062           0        0            14062
2018-2             0               0   46756  117029       3015                2958              0        4540            1525                 4250          6160        6245           0        0             6245
2019-1             0               0  162121  377725      11301               10912              3       22521           11223                20458         29438       29839           0        0            29839
2019-2             0               0   46991   81738       4021                3946              0        6666            2645                 6486          7958        8019           0        0             8019
2020-ERE           0               0  147380  309684       3710                3642            159        5321            1770                 4985          6954        7003           0        0             7003
2020-1             0               0   56213  151556       1056                1041             39        1292             275                 1246          1610        1623           0        0             1623
2020-2             0               0   49550  127584       6337                6320             14        6684             361                 6616          6914        6937           0        0             6937
2021-1             0               0   57080  131887       1190                1173             11        1537             358                 1473          1850        1883           0        0             1883
2021-2             0               0   55957  170645      17371               17292             85       18074             788                17865         18851       18913           0        0            18913
2022-1             0               0   51547  158799       1793                1736            118        2295             620                 2126          2814        2925           0        0             2925
2022-2             0               0   40844  122360       4732                4694             71        4983             322                 4908          5272        5309           0        0             5309
2023-1             0               0   64852  179629       2822                2730            151        3380             709                 3168          3812        3878           0        0             3878
2023-2             0               0   58885  153674       5557                5363            441        6410            1294                 6027          7165        7276           0        0             7276
2024-1             0               0   71707  170921       4407                4095            450        6100            2143                 5499          6961        7058           0        0             7058
  totals: {'seg_nohead': 0, 'multi_head_seg': 0, 'sub': 1398801, 'test': 3212524, 'dup_exact': 113564, 'dup_exact_adjacent': 111044, 'dup_exact_sub': 24626, 'dup_notime': 141360, 'dup_notime_sub': 52422, 'dup_notime_adjacent': 134877, 'dup_samecode': 164373, 'dup_tskind': 165896, 'empty_code': 48, 'no_code': 0, 'parquet_dup_key': 165896}

=== DEV calendar: assessments and last event per semester ===
          n_ass         first_start            last_end         first_event          last_event last_keystroke_minute
semester                                                                                                             
2016-1      136 2016-05-25 14:00:00 2016-11-30 16:00:00 2016-05-25 16:53:47 2017-10-02 15:03:10   2017-10-02 15:03:00
2016-2       85 2016-10-17 08:30:00 2017-02-23 16:00:00 2016-10-17 09:12:21 2017-02-25 14:23:12   2017-06-12 13:09:00
2017-1      226 2017-03-13 00:00:00 2017-10-31 00:00:00 2017-03-13 16:06:17 2017-07-19 10:17:04   2017-11-22 23:38:00
2017-2      103 2017-07-31 00:00:00 2018-03-31 14:00:00 2017-07-31 10:00:01 2018-02-26 09:19:42   2018-02-26 09:20:00
2018-1      204 2018-03-05 00:00:00 2018-07-31 00:00:00 2018-03-06 08:04:31 2018-08-18 21:36:57   2018-12-05 00:50:00
2018-2      114 2018-08-02 00:00:00 2018-12-24 00:00:00 2018-08-03 15:04:47 2018-12-17 18:19:51   2019-01-03 09:28:00
2019-1      212 2019-03-11 14:00:00 2019-10-31 23:59:00 2019-03-11 11:02:13 2019-08-14 20:00:00   2019-08-16 14:07:00
2019-2       48 2019-07-01 00:00:00 2019-12-23 00:00:00 2019-08-07 13:39:02 2019-09-19 02:18:50   2019-09-19 03:18:00
2020-ERE     43 2020-09-03 00:00:00 2020-12-19 18:00:00 2020-09-08 19:38:34 2021-02-08 14:36:34   2021-02-20 19:19:00
2020-1       60 2021-03-29 00:00:00 2021-07-15 20:00:00 2021-03-24 08:30:27 2021-07-15 18:43:26   2021-07-15 18:43:00
2020-2       56 2021-08-09 08:00:00 2021-12-09 22:15:00 2021-08-10 08:48:40 2021-12-09 21:47:07   2021-12-09 22:47:00
2021-1      101 2022-01-10 14:00:00 2022-05-12 00:00:00 2022-01-10 15:25:19 2022-05-06 20:06:26   2022-05-06 19:55:00
2021-2      184 2022-05-30 00:00:00 2022-09-23 20:00:00 2022-05-27 08:11:56 2022-09-23 19:59:27   2022-09-23 20:59:00
2022-1      177 2022-10-25 08:15:00 2023-03-13 00:00:00 2022-10-25 09:29:18 2023-06-20 09:08:55   2023-06-20 09:08:00
2022-2      172 2023-03-20 11:00:00 2023-07-06 16:00:00 2023-03-20 11:07:43 2023-07-06 15:59:57   2023-07-06 15:59:00

  per class, the two DEV semesters that miss official exercises (2019-2, 2020-1):
  2019-2:
type   ex_exam  ex_homework  n_ass            last_end  users  blocks          last_event
class                                                                                    
258          4           59      7 2019-12-09 09:59:00     27   10631 2019-09-18 15:32:28
259          2           60      6 2019-10-31 00:00:00     58   28682 2019-09-18 23:07:33
260          4           59      7 2019-12-09 20:00:00     48   17272 2019-09-18 21:03:36
261          4           72      8 2019-12-09 14:00:00     56   29431 2019-09-18 22:43:16
262          2           60      6 2019-12-23 00:00:00     29   14378 2019-09-19 00:54:50
263          3           59      6 2019-09-30 00:00:00     47   17808 2019-09-19 00:42:06
264          6           72      8 2019-12-09 10:00:00     32   10527 2019-09-19 02:18:50
  2020-1:
type   ex_exam  ex_homework  n_ass            last_end  users  blocks          last_event
class                                                                                    
319          4          143     10 2021-07-15 12:00:00     32   35627 2021-07-15 11:40:28
322          0          145      9 2021-07-12 16:00:00     25   25299 2021-07-14 12:32:49
323          0          146      8 2021-07-13 00:00:00     17   12314 2021-07-12 23:06:31
324          2          143      9 2021-07-15 20:00:00     42   56294 2021-07-15 18:43:26
326          2          143      9 2021-07-15 10:10:00     37   30289 2021-07-15 10:09:57
327          0          145      9 2021-07-12 23:00:00     39   24289 2021-07-12 22:58:06
328          0          112      6 2021-06-16 16:00:00     37   23657 2021-06-28 18:28:00
  mousemove files (DEV): depth values {6: 7846} | leaf name pattern {'N.log': 6468, 'N.data': 1378}

=== execution files whose assessment / exercise is not in the class's assessment files ===
          exec_files  assessment_missing  exercise_not_listed
semester                                                     
2016-1         29991                   0                 4544
2016-2          9489                   0                 1566
2017-1         38248                   0                 4724
2017-2         10927                   0                 1384
2018-1         47943                   0                 5887
2018-2         13448                   0                 1607
2019-1         38357                   0                 4309
2019-2         12202                   0                  705
2020-ERE       45467                   0                  183
2020-1         18681                   0                   56
2020-2         17793                   0                   46
2021-1         18978                   0                 1215
2021-2         19583                   0                 2929
2022-1         19438                   0                 2750
2022-2         17363                   0                 2786
2023-1         24806                   0                 4336
2023-2         22810                   0                 3735
2024-1         26894                   0                 4407

=== uids enrolled in two classes of one semester: are their execution files copies? ===
  (semester,uid) in >1 class: 204; their execution files: 18,456; file names present in >1 class: 0 (of which byte-size identical: 0)
  of those (semester,uid), with execution files in >1 class: 204

=== events outside their assessment's [start, end] window (counts only) ===
            rows  no_assessment  before_start  after_end  inside
semester                                                        
2016-1    321722              0         13118       1032  307572
2016-2    126180              0         29623       1841   94716
2017-1    419165              0         33444        458  385263
2017-2    125791              0          4277        144  121370
2018-1    455353              0         26017        688  428648
2018-2    163785              0         12744        259  150782
2019-1    539846              0         32070       1071  506705
2019-2    128729              0          3236         59  125434
2020-ERE  457064              0             0         89  456975
2020-1    207769              0           215        171  207383
2020-2    177134              0            69        102  176963
2021-1    188967              0         31551       3765  153651
2021-2    226602              0          3267        140  223195
2022-1    210346              0         13826        585  195935
2022-2    163204              0          2060        129  161015
2023-1    244481              0            68        208  244205
2023-2    212559              0          4690        213  207656
2024-1    242628              0          4807        220  237601

=== tests and submissions, window rules: official vs candidates (value, then candidate - official) ===
          official  inside_window  not_before_start
semester                                           
2016-1      322500         307572            308604
2016-2      126286          94716             96557
2017-1      419603         385263            385721
2017-2      125848         121370            121514
2018-1      455484         428648            429336
2018-2      163821         150782            151041
2019-1      540537         506705            507776
2019-2      308340         125434            125493
2020-ERE    457404         456975            457064
2020-1      214208         207383            207554
2020-2      177364         176963            177065
2021-1      191238         153651            157416
2021-2      226982         223195            223335
2022-1      210502         195935            196520
2022-2      166694         161015            161144
2023-1      244538         244205            244413
2023-2      213190         207656            207869
2024-1      243025         237601            237821
SUM        4807564        4385069           4396243
-- residuals:
            inside_window  not_before_start
semester                                   
2016-1             -14928            -13896
2016-2             -31570            -29729
2017-1             -34340            -33882
2017-2              -4478             -4334
2018-1             -26836            -26148
2018-2             -13039            -12780
2019-1             -33832            -32761
2019-2            -182906           -182847
2020-ERE             -429              -340
2020-1              -6825             -6654
2020-2               -401              -299
2021-1             -37587            -33822
2021-2              -3787             -3647
2022-1             -14567            -13982
2022-2              -5679             -5550
2023-1               -333              -125
2023-2              -5534             -5321
2024-1              -5424             -5204
exact_sems              0                 0
sum_abs            422495            411321

=== student ids across semesters (entity counts) ===
  (semester,class,uid) dirs=5,455; distinct (semester,uid)=5,213; distinct uid=3,904
  uids in >1 class within one semester: 204
  distinct uids by number of semesters they appear in: {1: 3029, 2: 585, 3: 195, 4: 66, 5: 21, 6: 2, 7: 3, 8: 1, 9: 1, 10: 1}
  DEV only: distinct uids 3363 by #semesters: {1: 2582, 2: 536, 3: 172, 4: 54, 5: 12, 6: 1, 7: 5, 8: 1}
  with >=1 block: distinct uid=3,874, (semester,uid)=5,153, by #semesters: {1: 3018, 2: 573, 3: 191, 4: 63, 5: 21, 6: 2, 7: 3, 8: 1, 9: 2}
  official students total 5,229 vs distinct (semester,uid) with a user dir: 5213
  uids in sealed semesters: 672; of these also in a DEV semester: 131
  files outside <class>/<area>/ layout: [{'semester': '2019-1', 'path': '2019-1/cb_dataset_2019_1_v1.10.tar.gz', 'size': 45}]
  class with assessments but no users: 2022-2/489 (4 assessment files)

=== SUMMARY: best rule per official row; ours, residual (ours - official), residual % ===
  classes=class dirs with assessment files; students=distinct user ids in the semester;
  hw/exam=sum of total_exercises over assessments of that type; codes=files under users/*/codes;
  execs=all SUBMITION+TEST blocks in executions/*.log, no deduplication
            ours                                            resid                                           pct                                      
         classes students  hw_ex exam_ex   codes    execs classes students hw_ex exam_ex  codes   execs classes students  hw_ex exam_ex  codes  execs
2016-1         9      471    681     124   29991   321722       0        0     0       0   -149    -778     0.0     0.00   0.00    0.00  -0.49  -0.24
2016-2         5      172    447     110    9489   126180       0        0     0       0    -12    -106     0.0     0.00   0.00    0.00  -0.13  -0.08
2017-1        10      463   1278     163   38248   419165       0        0     0       0    -56    -438     0.0     0.00   0.00    0.00  -0.15  -0.10
2017-2         5      177    556     103   10927   125791       0        0     0       0    -15     -57     0.0     0.00   0.00    0.00  -0.14  -0.05
2018-1         9      465   1550     182   47943   455353       0        0     0       0    -26    -131     0.0     0.00   0.00    0.00  -0.05  -0.03
2018-2         5      180    893     107   13448   163785       0        0     0       0    -10     -36     0.0     0.00   0.00    0.00  -0.07  -0.02
2019-1         9      489   1559     176   38357   539846       0        0     0       0    -60    -691     0.0     0.00   0.00    0.00  -0.16  -0.13
2019-2         7      282    441      25   12202   128729       0      -15  -675    -113 -16146 -179611     0.0    -5.05 -60.48  -81.88 -56.96 -58.25
2020-ERE       3      492    420       8   45467   457064       0        0     0       0    -24    -340     0.0     0.00   0.00    0.00  -0.05  -0.07
2020-1         7      227    977       8   18681   207769       0       -1   -31      -4   -565   -6439     0.0    -0.44  -3.08  -33.33  -2.94  -3.01
2020-2         6      200    882       8   17793   177134       0        0     0       0    -55    -230     0.0     0.00   0.00    0.00  -0.31  -0.13
2021-1         7      224    962     154   18978   188967       0        0     0       0    -44   -2271     0.0     0.00   0.00    0.00  -0.23  -1.19
2021-2         8      219   1180     195   19583   226602       0        0     0       0    -44    -380     0.0     0.00   0.00    0.00  -0.22  -0.17
2022-1         8      238   1158     188   19438   210346       0        0     0       0    -19    -156     0.0     0.00   0.00    0.00  -0.10  -0.07
2022-2         9      196   1257     240   17363   163204       0        0     0       0    -40   -3490     0.0     0.00   0.00    0.00  -0.23  -2.09
2023-1         7      255   1009     212   24806   244481       0        0     0       0    -28     -57     0.0     0.00   0.00    0.00  -0.11  -0.02
2023-2         7      222   1157     208   22810   212559       0        0     0       0    -70    -631     0.0     0.00   0.00    0.00  -0.31  -0.30
2024-1         8      241   1192     216   26894   242628       0        0     0       0    -34    -397     0.0     0.00   0.00    0.00  -0.13  -0.16
SUM          129     5213  17599    2427  432418  4611325       0      -16  -706    -117 -17397 -196239     0.0    -0.31  -3.86   -4.60  -3.87  -4.08
  exact semesters per row: {'classes': 18, 'students': 16, 'hw_ex': 16, 'exam_ex': 16, 'codes': 0, 'execs': 0}
  (SUM pct is against the column sums of the official table, not its printed Total row)

done.
