job    exact      seconds-clock (mine)   seconds-clock (kernel)   microsecond clock
  0   0.000000           0.000000               0.000000               0.000000
  1   0.000000           0.000000               0.000000               0.000000
  2   0.000000           0.000000               0.000000               0.000000
  3   0.000000           0.000000               0.000000               0.000000
  4   0.001000           0.001000               0.001000               0.001000
  5  22.339000           0.004000               0.004000              22.339000
  6   0.003000           0.003000               0.003000               0.003000
  7   0.000000           0.000000               0.000000               0.000000
  8  22.338000          22.337000              22.337000              22.338000
  9   0.000000           0.001000               0.001000               0.000000
 10  22.349000          22.350000              22.350000              22.349000
 11   4.987000           4.987000               4.987000               4.987000
 12  23.333000          23.332000              23.332000              23.333000
 13  17.346000          17.347000              17.347000              17.346000
 14   4.986000           4.986000               4.986000               4.986000
 15   5.985000           5.985000               5.985000               5.985000
 16  27.345000          27.346000              27.346000              27.345000
 17  17.339000          17.340000              17.340000              17.339000
 18  23.328000          23.328000              23.328000              23.328000
 19  17.338000          17.339000              17.339000              17.338000
 20  27.343000          27.344000              27.344000              27.343000
 21  17.340000          17.341000              17.341000              17.340000
 22  28.327000          28.326000              28.326000              28.327000
 23  17.341000          17.342000              17.342000              17.341000

max |exact - seconds clock|      22.335000
max |exact - microsecond clock|  0.000000
max |kernel - mine| (seconds)    0.000000

the contested instant: job 9 arrives at a[9] = np.float64(0.014)
completion of job 4 + service chain reaches t with float error ~1.735e-18 s
