level 2, k = 4, five overlays, MY simulator
policy                  p99_dl_s     gap   mean_s   max_exc     harm  max_heavy  qw_fired   report p99_dl
FCFS                    273.4974  0.0000  10.2700      0.00     0.00    1542.75    1.0000   273.50
SJF-ref                  43.6292  1.0000   1.6955   4755.47  1365.90    5299.53    0.0000   43.63
SPJF-M4                  67.2871  0.8967   2.3519   5882.92   551.10    6264.14    0.0000   67.29
SPJF-M4refit             67.3551  0.8964   2.3520   5896.58   551.08    6278.30    0.0000   67.36
SPJF-tweedie             62.9111  0.9159   2.2915   5904.52   708.76    6286.24    0.0000   62.91
SPJF-tweedie_itr         63.2293  0.9145   2.2983   5448.90   529.01    6085.53    0.0000   63.23
SPJF-r1s                 62.7103  0.9168   2.3020   5368.16   879.16    5964.37    0.0000   62.71
FIX-G300                170.1381  0.4496   5.5295    227.89   208.16    1692.89    0.2841   170.14
CAP-G300                166.0197  0.4670   5.6163    229.28   113.75    1692.87    0.2926   166.02
SKIP-G300               273.2247  0.0011  10.0828     74.56    57.35    1543.51    0.9104   273.22
FIX-G600                 86.6445  0.8126   3.8666    523.50   520.47    1992.94    0.0720   86.64
CAP-G600                 87.7407  0.8078   3.8480    523.50   520.47    1992.77    0.0722   87.74
SKIP-G600               272.9089  0.0025   9.8091    112.41    82.34    1544.65    0.8666   272.91
FIX-G1200                73.0620  0.8718   3.0545   1116.49   708.76    2597.94    0.0069   73.06
CAP-G1200                73.0829  0.8717   3.0241   1114.69   575.97    2596.90    0.0079   73.08
SKIP-G1200              273.0474  0.0019   9.3762    142.61   104.62    1547.43    0.8094   273.05
SPJF-top1short          523.5182 -1.0882  15.5616   6108.86  3399.04    6021.32    0.0000   not in the report
CAP-G600-top1short      561.2154 -1.2531  14.9214    534.73   497.80    1547.67    0.3894   not in the report
SPJF-reversed           557.4413 -1.2349  18.8895   6295.65  5248.84    2654.83    0.0000   not in the report
CAP-G600-reversed       569.6751 -1.2903  16.8515    534.79   513.77    1994.32    0.4300   not in the report
SPJF-random             194.7753  0.3410   6.8955   6235.49  6173.57    6199.55    0.0000   not in the report
CAP-G600-random         259.3190  0.0604   8.2921    520.74   514.55    2007.57    0.2500   not in the report
