########## rep0 L0
primary rep0 level0: k=8 n=17,634,760 dl=4,219,556 heavy=181,720 W=15,247.5
FCFS vs an independent recursion on the first 2,000,000 jobs: max |diff| 0

policy                             w_p99_dl              w_mean               w_p99          max_excess           harm_wf1s           max_heavy      qw_forced_frac   used_over_allowed
FCFS                                    +0                  +0                  +0                  +0                  +0                  +0                  +0                   -
SJF-ref                                 +0    +5.551115123e-17                  +0                  +0                  +0                  +0                  +0                   -
SPJF-M4                                 +0    +8.326672685e-17                  +0                  +0                  +0                  +0                  +0                   -
SPJF-M4refit              +1.776356839e-15    +5.551115123e-17                  +0                  +0                  +0                  +0                  +0                   -
SPJF-tweedie                            +0    +2.775557562e-17                  +0                  +0    +2.842170943e-14                  +0                  +0                   -
SPJF-tweedie_itr          +1.776356839e-15                  +0                  +0                  +0                  +0    -2.273736754e-13                  +0                   -
SPJF-r1s                                +0                  +0                  +0    -1.136868377e-13                  +0                  +0                  +0                   -
FIX-G300                                +0                  +0                  +0                  +0                  +0                  +0    +2.775557562e-17                  +0
CAP-G300                                +0                  +0                  +0                  +0                  +0                  +0    +6.245004514e-17                  +0
SKIP-G300                 -3.552713679e-15                  +0                  +0                  +0                  +0                  +0                  +0    +2.775557562e-17
FIX-G600                                +0    +5.551115123e-17                  +0                  +0    +2.842170943e-14                  +0     +8.67361738e-17                  +0
CAP-G600                                +0    +5.551115123e-17                  +0                  +0    +2.842170943e-14                  +0    +1.647987302e-17                  +0
SKIP-G600                 -3.552713679e-15                  +0                  +0                  +0                  +0                  +0                  +0    +6.938893904e-17
FIX-G1200                               +0                  +0                  +0                  +0    +2.842170943e-14    +2.273736754e-13                  +0                  +0
CAP-G1200                               +0    +2.775557562e-17                  +0                  +0    +2.842170943e-14    +2.273736754e-13                  +0                  +0
SKIP-G1200                              +0    +5.551115123e-17                  +0                  +0                  +0                  +0                  +0    +9.020562075e-17
SPJF-top1short                          +0    +1.110223025e-16    +1.776356839e-15                  +0                  +0    -2.273736754e-13                  +0                   -
CAP-G600-top1short                      +0                  +0                  +0                  +0                  +0                  +0    +6.938893904e-17                  +0
SPJF-reversed                           +0    +2.220446049e-16                  +0                  +0                  +0                  +0                  +0                   -
CAP-G600-reversed                       +0                  +0                  +0                  +0    -5.684341886e-14                  +0    +5.551115123e-17                  +0
SPJF-random                             +0                  +0                  +0                  +0                  +0                  +0                  +0                   -
CAP-G600-random           -1.776356839e-15    +5.551115123e-17                  +0    +5.684341886e-14                  +0                  +0    +7.632783294e-17                  +0

wrote <cache-dir>\mv3_verify\vcell_primary_rep0_L0.csv
########## rep0 L1
primary rep0 level1: k=5 n=17,634,760 dl=4,219,556 heavy=181,720 W=15,247.5
FCFS vs an independent recursion on the first 2,000,000 jobs: max |diff| 0

policy                             w_p99_dl              w_mean               w_p99          max_excess           harm_wf1s           max_heavy      qw_forced_frac   used_over_allowed
FCFS                      -1.421085472e-14                  +0                  +0                  +0                  +0                  +0                  +0                   -
SJF-ref                                 +0                  +0                  +0                  +0                  +0                  +0                  +0                   -
SPJF-M4                                 +0                  +0                  +0                  +0                  +0                  +0                  +0                   -
SPJF-M4refit                            +0                  +0                  +0    -4.547473509e-13                  +0                  +0                  +0                   -
SPJF-tweedie                            +0    +2.220446049e-16                  +0                  +0    +2.842170943e-14                  +0                  +0                   -
SPJF-tweedie_itr                        +0                  +0    -3.552713679e-15                  +0                  +0                  +0                  +0                   -
SPJF-r1s                                +0    -2.220446049e-16    -3.552713679e-15    -4.547473509e-13                  +0                  +0                  +0                   -
FIX-G300                                +0                  +0                  +0                  +0                  +0                  +0    +1.387778781e-17                  +0
CAP-G300                  -7.105427358e-15                  +0                  +0                  +0                  +0                  +0    +5.551115123e-17                  +0
SKIP-G300                               +0    +4.440892099e-16                  +0                  +0                  +0                  +0                  +0    +5.551115123e-17
FIX-G600                                +0                  +0                  +0                  +0    +2.842170943e-14                  +0    +4.510281038e-17                  +0
CAP-G600                                +0                  +0                  +0                  +0    +2.842170943e-14                  +0    +3.816391647e-17                  +0
SKIP-G600                 -1.421085472e-14                  +0                  +0                  +0    +7.105427358e-15                  +0                  +0                  +0
FIX-G1200                 -7.105427358e-15                  +0                  +0                  +0    +2.842170943e-14                  +0    +2.645453301e-17                  +0
CAP-G1200                               +0                  +0                  +0                  +0    +2.842170943e-14                  +0    +2.125036258e-17    +1.110223025e-16
SKIP-G1200                              +0                  +0                  +0                  +0                  +0                  +0                  +0    +8.326672685e-17
SPJF-top1short            +2.842170943e-14                  +0                  +0                  +0                  +0                  +0                  +0                   -
CAP-G600-top1short                      +0                  +0                  +0                  +0                  +0    -2.273736754e-13                  +0                  +0
SPJF-reversed                           +0                  +0                  +0                  +0                  +0                  +0                  +0                   -
CAP-G600-reversed                       +0                  +0                  +0                  +0    -5.684341886e-14                  +0                  +0                  +0
SPJF-random                             +0                  +0                  +0                  +0                  +0                  +0                  +0                   -
CAP-G600-random                         +0                  +0                  +0    +5.684341886e-14                  +0                  +0    +2.775557562e-17                  +0

wrote <cache-dir>\mv3_verify\vcell_primary_rep0_L1.csv
########## rep1 L0
primary rep1 level0: k=8 n=17,634,760 dl=4,219,556 heavy=181,720 W=14,233.0
FCFS vs an independent recursion on the first 2,000,000 jobs: max |diff| 0

policy                             w_p99_dl              w_mean               w_p99          max_excess           harm_wf1s           max_heavy      qw_forced_frac   used_over_allowed
FCFS                                    +0                  +0                  +0                  +0                  +0                  +0                  +0                   -
SJF-ref                                 +0                  +0                  +0                  +0                  +0    -1.136868377e-13                  +0                   -
SPJF-M4                                 +0    +8.326672685e-17                  +0                  +0                  +0                  +0                  +0                   -
SPJF-M4refit                            +0                  +0                  +0                  +0                  +0                  +0                  +0                   -
SPJF-tweedie                            +0    +5.551115123e-17                  +0                  +0                  +0                  +0                  +0                   -
SPJF-tweedie_itr                        +0    +5.551115123e-17                  +0                  +0    -1.421085472e-14    -1.136868377e-13                  +0                   -
SPJF-r1s                                +0    +5.551115123e-17                  +0                  +0                  +0                  +0                  +0                   -
FIX-G300                                +0                  +0                  +0    -2.842170943e-14                  +0                  +0    +3.989863995e-17                  +0
CAP-G300                                +0                  +0                  +0                  +0                  +0    +5.684341886e-14    +6.591949209e-17                  +0
SKIP-G300                 -3.552713679e-15                  +0                  +0                  +0                  +0                  +0                  +0    +8.326672685e-17
FIX-G600                  -1.776356839e-15                  +0                  +0                  +0                  +0                  +0    +4.629543277e-17                  +0
CAP-G600                  -1.776356839e-15    +8.326672685e-17                  +0                  +0                  +0                  +0     +2.82976767e-17                  +0
SKIP-G600                               +0                  +0                  +0                  +0                  +0                  +0                  +0    +1.387778781e-17
FIX-G1200                 +1.776356839e-15    +8.326672685e-17                  +0                  +0                  +0                  +0    +4.235164736e-22                  +0
CAP-G1200                               +0    +2.775557562e-17                  +0                  +0                  +0                  +0    +3.388131789e-21                  +0
SKIP-G1200                              +0    +5.551115123e-17                  +0                  +0    -7.105427358e-15                  +0                  +0    +8.326672685e-17
SPJF-top1short                          +0    -1.110223025e-16                  +0                  +0    +2.273736754e-13                  +0                  +0                   -
CAP-G600-top1short                      +0                  +0                  +0                  +0                  +0                  +0    +4.163336342e-17                  +0
SPJF-reversed                           +0                  +0    -1.776356839e-15                  +0    +1.136868377e-13                  +0                  +0                   -
CAP-G600-reversed                       +0                  +0                  +0                  +0    -2.842170943e-14                  +0    +8.326672685e-17                  +0
SPJF-random                             +0                  +0                  +0                  +0    -1.136868377e-13                  +0                  +0                   -
CAP-G600-random                         +0                  +0                  +0    +5.684341886e-14                  +0                  +0    +1.908195824e-17                  +0

wrote <cache-dir>\mv3_verify\vcell_primary_rep1_L0.csv
########## rep1 L1
primary rep1 level1: k=5 n=17,634,760 dl=4,219,556 heavy=181,720 W=14,233.0
FCFS vs an independent recursion on the first 2,000,000 jobs: max |diff| 0

policy                             w_p99_dl              w_mean               w_p99          max_excess           harm_wf1s           max_heavy      qw_forced_frac   used_over_allowed
FCFS                                    +0                  +0                  +0                  +0                  +0                  +0                  +0                   -
SJF-ref                                 +0    +1.110223025e-16                  +0                  +0                  +0                  +0                  +0                   -
SPJF-M4                                 +0    -2.220446049e-16                  +0                  +0                  +0                  +0                  +0                   -
SPJF-M4refit                            +0                  +0                  +0                  +0                  +0                  +0                  +0                   -
SPJF-tweedie                            +0                  +0                  +0                  +0                  +0                  +0                  +0                   -
SPJF-tweedie_itr                        +0    -2.220446049e-16                  +0                  +0                  +0                  +0                  +0                   -
SPJF-r1s                                +0                  +0    -3.552713679e-15                  +0                  +0                  +0                  +0                   -
FIX-G300                                +0                  +0                  +0    +5.684341886e-14                  +0    -1.136868377e-13    +4.163336342e-17                  +0
CAP-G300                                +0                  +0                  +0    +2.842170943e-14                  +0    +1.136868377e-13                  +0                  +0
SKIP-G300                 +1.421085472e-14                  +0                  +0                  +0                  +0                  +0                  +0    +2.775557562e-17
FIX-G600                                +0                  +0                  +0    -5.684341886e-14                  +0                  +0    +9.020562075e-17                  +0
CAP-G600                                +0                  +0                  +0                  +0                  +0    +2.273736754e-13    +6.938893904e-17                  +0
SKIP-G600                 +1.421085472e-14                  +0                  +0    +1.421085472e-14                  +0                  +0                  +0    +2.775557562e-17
FIX-G1200                               +0                  +0                  +0                  +0                  +0                  +0    +4.119968255e-17                  +0
CAP-G1200                               +0                  +0                  +0                  +0                  +0    -2.273736754e-13    +7.849623729e-17    +1.110223025e-16
SKIP-G1200                              +0                  +0                  +0    -1.421085472e-14                  +0                  +0                  +0    +6.938893904e-17
SPJF-top1short            -2.842170943e-14                  +0    -1.421085472e-14                  +0                  +0                  +0                  +0                   -
CAP-G600-top1short                      +0    -8.881784197e-16                  +0                  +0                  +0    +2.273736754e-13    +5.551115123e-17                  +0
SPJF-reversed             -2.842170943e-14                  +0                  +0                  +0    -2.273736754e-13    -2.273736754e-13                  +0                   -
CAP-G600-reversed         +2.842170943e-14                  +0                  +0                  +0                  +0                  +0    +5.551115123e-17                  +0
SPJF-random                             +0                  +0    -7.105427358e-15                  +0                  +0                  +0                  +0                   -
CAP-G600-random                         +0    -4.440892099e-16                  +0                  +0                  +0                  +0    +5.551115123e-17                  +0

wrote <cache-dir>\mv3_verify\vcell_primary_rep1_L1.csv
########## rep1 L2
primary rep1 level2: k=4 n=17,634,760 dl=4,219,556 heavy=181,720 W=14,233.0
FCFS vs an independent recursion on the first 2,000,000 jobs: max |diff| 0

policy                             w_p99_dl              w_mean               w_p99          max_excess           harm_wf1s           max_heavy      qw_forced_frac   used_over_allowed
FCFS                                    +0    +1.776356839e-15                  +0                  +0                  +0                  +0                  +0                   -
SJF-ref                                 +0                  +0                  +0    -4.547473509e-13                  +0                  +0                  +0                   -
SPJF-M4                                 +0                  +0                  +0                  +0                  +0                  +0                  +0                   -
SPJF-M4refit                            +0                  +0                  +0                  +0                  +0                  +0                  +0                   -
SPJF-tweedie                            +0                  +0                  +0                  +0                  +0                  +0                  +0                   -
SPJF-tweedie_itr                        +0                  +0                  +0                  +0                  +0                  +0                  +0                   -
SPJF-r1s                                +0                  +0                  +0                  +0                  +0                  +0                  +0                   -
FIX-G300                                +0                  +0                  +0                  +0    +2.842170943e-14                  +0                  +0                  +0
CAP-G300                                +0                  +0                  +0                  +0                  +0                  +0                  +0                  +0
SKIP-G300                               +0    +1.776356839e-15                  +0                  +0                  +0                  +0    -1.110223025e-16    +2.775557562e-17
FIX-G600                                +0                  +0                  +0                  +0                  +0                  +0    +5.551115123e-17                  +0
CAP-G600                                +0                  +0    -7.105427358e-15                  +0                  +0                  +0    +1.387778781e-17                  +0
SKIP-G600                               +0                  +0                  +0    +1.421085472e-14                  +0                  +0                  +0    +2.775557562e-17
FIX-G1200                               +0    -4.440892099e-16                  +0    -2.273736754e-13                  +0                  +0    +7.112366252e-17                  +0
CAP-G1200                               +0                  +0    +7.105427358e-15                  +0                  +0                  +0    +4.510281038e-17    -1.110223025e-16
SKIP-G1200                -5.684341886e-14                  +0                  +0                  +0                  +0                  +0                  +0    +5.551115123e-17
SPJF-top1short                          +0                  +0                  +0                  +0                  +0                  +0                  +0                   -
CAP-G600-top1short                      +0                  +0                  +0                  +0    -5.684341886e-14                  +0                  +0                  +0
SPJF-reversed                           +0                  +0    -5.684341886e-14                  +0                  +0                  +0                  +0                   -
CAP-G600-reversed                       +0                  +0                  +0                  +0                  +0                  +0                  +0                  +0
SPJF-random                             +0                  +0    +1.421085472e-14                  +0    -4.547473509e-13                  +0                  +0                   -
CAP-G600-random                         +0                  +0                  +0    -5.684341886e-14    +5.684341886e-14                  +0    +5.551115123e-17                  +0

wrote <cache-dir>\mv3_verify\vcell_primary_rep1_L2.csv
########## rep2 L0
primary rep2 level0: k=8 n=17,634,760 dl=4,219,556 heavy=181,720 W=14,115.0
FCFS vs an independent recursion on the first 2,000,000 jobs: max |diff| 0

policy                             w_p99_dl              w_mean               w_p99          max_excess           harm_wf1s           max_heavy      qw_forced_frac   used_over_allowed
FCFS                                    +0                  +0                  +0                  +0                  +0                  +0                  +0                   -
SJF-ref                                 +0    +5.551115123e-17                  +0                  +0    -5.684341886e-14                  +0                  +0                   -
SPJF-M4                                 +0    +5.551115123e-17                  +0                  +0                  +0                  +0                  +0                   -
SPJF-M4refit                            +0    +5.551115123e-17                  +0                  +0                  +0    -1.136868377e-13                  +0                   -
SPJF-tweedie                            +0                  +0                  +0                  +0    -2.842170943e-14    -1.136868377e-13                  +0                   -
SPJF-tweedie_itr                        +0                  +0                  +0                  +0                  +0                  +0                  +0                   -
SPJF-r1s                  +1.776356839e-15    +5.551115123e-17                  +0                  +0                  +0                  +0                  +0                   -
FIX-G300                                +0                  +0                  +0                  +0                  +0                  +0    +5.984795992e-17                  +0
CAP-G300                                +0    +5.551115123e-17                  +0    +2.842170943e-14                  +0                  +0    +2.081668171e-17                  +0
SKIP-G300                               +0                  +0                  +0                  +0                  +0                  +0                  +0                  +0
FIX-G600                                +0                  +0                  +0    +5.684341886e-14    -2.842170943e-14                  +0    +5.621588264e-17                  +0
CAP-G600                                +0                  +0                  +0    +5.684341886e-14    -2.842170943e-14                  +0    +9.920449878e-17                  +0
SKIP-G600                               +0                  +0                  +0    -7.105427358e-15                  +0                  +0    +5.551115123e-17                  +0
FIX-G1200                               +0                  +0                  +0                  +0    -2.842170943e-14    -1.136868377e-13                  +0                  +0
CAP-G1200                 -1.776356839e-15    +5.551115123e-17                  +0                  +0    -2.842170943e-14    -1.136868377e-13                  +0                  +0
SKIP-G1200                -3.552713679e-15                  +0                  +0                  +0                  +0                  +0    +5.551115123e-17    +6.938893904e-17
SPJF-top1short                          +0    +2.220446049e-16    +1.776356839e-15    -1.136868377e-13                  +0                  +0                  +0                   -
CAP-G600-top1short                      +0    -1.110223025e-16                  +0    -5.684341886e-14    -2.842170943e-14                  +0    +2.775557562e-17                  +0
SPJF-reversed                           +0                  +0                  +0                  +0                  +0                  +0                  +0                   -
CAP-G600-reversed                       +0                  +0    -3.552713679e-15                  +0    -2.842170943e-14                  +0    +1.387778781e-17                  +0
SPJF-random                             +0    +5.551115123e-17                  +0                  +0                  +0                  +0                  +0                   -
CAP-G600-random                         +0                  +0                  +0                  +0                  +0                  +0    +6.938893904e-18                  +0

wrote <cache-dir>\mv3_verify\vcell_primary_rep2_L0.csv
########## rep2 L1
primary rep2 level1: k=5 n=17,634,760 dl=4,219,556 heavy=181,720 W=14,115.0
FCFS vs an independent recursion on the first 2,000,000 jobs: max |diff| 0

policy                             w_p99_dl              w_mean               w_p99          max_excess           harm_wf1s           max_heavy      qw_forced_frac   used_over_allowed
FCFS                                    +0                  +0                  +0                  +0                  +0                  +0                  +0                   -
SJF-ref                                 +0                  +0    +3.552713679e-15    +2.273736754e-13                  +0    -4.547473509e-13                  +0                   -
SPJF-M4                                 +0                  +0    +3.552713679e-15                  +0                  +0                  +0                  +0                   -
SPJF-M4refit                            +0                  +0    +3.552713679e-15                  +0                  +0                  +0                  +0                   -
SPJF-tweedie                            +0                  +0                  +0                  +0                  +0                  +0                  +0                   -
SPJF-tweedie_itr                        +0                  +0                  +0                  +0                  +0                  +0                  +0                   -
SPJF-r1s                  -7.105427358e-15                  +0    -3.552713679e-15                  +0                  +0                  +0                  +0                   -
FIX-G300                  -7.105427358e-15                  +0                  +0                  +0                  +0                  +0    +6.938893904e-17                  +0
CAP-G300                                +0    -4.440892099e-16                  +0    -2.842170943e-14                  +0    -1.136868377e-13    +8.326672685e-17                  +0
SKIP-G300                               +0    -8.881784197e-16                  +0                  +0                  +0                  +0                  +0    +2.775557562e-17
FIX-G600                  +7.105427358e-15                  +0                  +0                  +0                  +0    -2.273736754e-13    +3.469446952e-17                  +0
CAP-G600                                +0    +2.220446049e-16                  +0                  +0                  +0    -2.273736754e-13    +4.163336342e-17                  +0
SKIP-G600                               +0                  +0                  +0    +1.421085472e-14                  +0                  +0                  +0    +2.775557562e-17
FIX-G1200                 -7.105427358e-15                  +0    -3.552713679e-15                  +0                  +0                  +0    +6.505213035e-18                  +0
CAP-G1200                               +0                  +0    +3.552713679e-15                  +0                  +0                  +0    +4.553649124e-17                  +0
SKIP-G1200                +1.421085472e-14    +4.440892099e-16                  +0                  +0                  +0                  +0                  +0    +5.551115123e-17
SPJF-top1short            +2.842170943e-14                  +0                  +0                  +0                  +0                  +0                  +0                   -
CAP-G600-top1short        -2.842170943e-14                  +0    -2.842170943e-14                  +0                  +0                  +0    +5.551115123e-17                  +0
SPJF-reversed             -2.842170943e-14                  +0                  +0                  +0                  +0                  +0                  +0                   -
CAP-G600-reversed                       +0                  +0                  +0                  +0                  +0                  +0    +5.551115123e-17                  +0
SPJF-random                             +0                  +0                  +0    -4.547473509e-13                  +0                  +0                  +0                   -
CAP-G600-random                         +0                  +0                  +0                  +0                  +0                  +0                  +0                  +0

wrote <cache-dir>\mv3_verify\vcell_primary_rep2_L1.csv
########## rep2 L2
primary rep2 level2: k=4 n=17,634,760 dl=4,219,556 heavy=181,720 W=14,115.0
FCFS vs an independent recursion on the first 2,000,000 jobs: max |diff| 0

policy                             w_p99_dl              w_mean               w_p99          max_excess           harm_wf1s           max_heavy      qw_forced_frac   used_over_allowed
FCFS                                    +0    -1.776356839e-15    +2.842170943e-14                  +0                  +0    +2.273736754e-13                  +0                   -
SJF-ref                                 +0                  +0                  +0                  +0                  +0                  +0                  +0                   -
SPJF-M4                                 +0                  +0                  +0                  +0                  +0                  +0                  +0                   -
SPJF-M4refit                            +0                  +0                  +0                  +0    +5.684341886e-14                  +0                  +0                   -
SPJF-tweedie                            +0    -4.440892099e-16                  +0                  +0                  +0                  +0                  +0                   -
SPJF-tweedie_itr                        +0                  +0                  +0                  +0                  +0                  +0                  +0                   -
SPJF-r1s                                +0    -4.440892099e-16                  +0                  +0                  +0                  +0                  +0                   -
FIX-G300                                +0                  +0                  +0                  +0                  +0                  +0    +5.551115123e-17                  +0
CAP-G300                                +0                  +0                  +0                  +0    -1.421085472e-14    -2.273736754e-13    +5.551115123e-17                  +0
SKIP-G300                               +0                  +0                  +0                  +0                  +0                  +0                  +0    +2.775557562e-17
FIX-G600                                +0                  +0                  +0                  +0                  +0                  +0    +8.326672685e-17                  +0
CAP-G600                                +0                  +0                  +0                  +0                  +0                  +0    +8.326672685e-17                  +0
SKIP-G600                 -5.684341886e-14                  +0                  +0                  +0                  +0                  +0                  +0                  +0
FIX-G1200                               +0    -4.440892099e-16                  +0                  +0                  +0                  +0    +8.760353554e-17                  +0
CAP-G1200                               +0                  +0                  +0                  +0    -5.684341886e-14    -4.547473509e-13    +2.949029909e-17                  +0
SKIP-G1200                              +0                  +0                  +0                  +0    -1.421085472e-14                  +0                  +0                  +0
SPJF-top1short                          +0                  +0                  +0                  +0                  +0                  +0                  +0                   -
CAP-G600-top1short                      +0                  +0                  +0                  +0    +5.684341886e-14                  +0                  +0                  +0
SPJF-reversed                           +0                  +0    -5.684341886e-14                  +0                  +0    +2.273736754e-13                  +0                   -
CAP-G600-reversed                       +0                  +0                  +0                  +0                  +0                  +0                  +0                  +0
SPJF-random                             +0                  +0                  +0                  +0    -4.547473509e-13                  +0                  +0                   -
CAP-G600-random                         +0                  +0                  +0                  +0                  +0                  +0    +8.326672685e-17                  +0

wrote <cache-dir>\mv3_verify\vcell_primary_rep2_L2.csv
########## rep3 L0
primary rep3 level0: k=8 n=17,634,760 dl=4,219,556 heavy=181,720 W=13,860.3
FCFS vs an independent recursion on the first 2,000,000 jobs: max |diff| 0

policy                             w_p99_dl              w_mean               w_p99          max_excess           harm_wf1s           max_heavy      qw_forced_frac   used_over_allowed
FCFS                                    +0                  +0                  +0                  +0                  +0                  +0                  +0                   -
SJF-ref                                 +0                  +0                  +0                  +0                  +0    +1.136868377e-13                  +0                   -
SPJF-M4                   -1.776356839e-15                  +0                  +0                  +0                  +0                  +0                  +0                   -
SPJF-M4refit                            +0                  +0    -8.881784197e-16    +1.136868377e-13                  +0                  +0                  +0                   -
SPJF-tweedie                            +0    +5.551115123e-17                  +0                  +0                  +0                  +0                  +0                   -
SPJF-tweedie_itr                        +0    +5.551115123e-17                  +0                  +0                  +0                  +0                  +0                   -
SPJF-r1s                                +0    +5.551115123e-17                  +0                  +0                  +0                  +0                  +0                   -
FIX-G300                  -1.776356839e-15                  +0                  +0    +2.842170943e-14                  +0                  +0    +9.714451465e-17                  +0
CAP-G300                  -1.776356839e-15                  +0                  +0                  +0                  +0                  +0    +7.285838599e-17                  +0
SKIP-G300                 -3.552713679e-15                  +0    +1.776356839e-15                  +0                  +0                  +0                  +0    +8.326672685e-17
FIX-G600                                +0    +5.551115123e-17                  +0    -5.684341886e-14                  +0                  +0    +6.483528991e-17                  +0
CAP-G600                                +0                  +0                  +0    -5.684341886e-14                  +0                  +0    +4.694595407e-17                  +0
SKIP-G600                               +0                  +0                  +0                  +0                  +0    -5.684341886e-14                  +0                  +0
FIX-G1200                               +0    +5.551115123e-17                  +0                  +0                  +0                  +0                  +0                  +0
CAP-G1200                               +0    +5.551115123e-17                  +0                  +0                  +0                  +0                  +0                  +0
SKIP-G1200                              +0                  +0                  +0                  +0                  +0                  +0                  +0                  +0
SPJF-top1short                          +0                  +0                  +0                  +0                  +0                  +0                  +0                   -
CAP-G600-top1short                      +0    -1.110223025e-16                  +0                  +0                  +0                  +0    +8.326672685e-17                  +0
SPJF-reversed             -7.105427358e-15                  +0                  +0                  +0                  +0                  +0                  +0                   -
CAP-G600-reversed                       +0                  +0                  +0                  +0    -5.684341886e-14                  +0    +2.775557562e-17                  +0
SPJF-random                             +0    +5.551115123e-17                  +0                  +0    +1.136868377e-13                  +0                  +0                   -
CAP-G600-random           +1.776356839e-15                  +0                  +0                  +0                  +0                  +0    +3.122502257e-17                  +0

wrote <cache-dir>\mv3_verify\vcell_primary_rep3_L0.csv
########## rep3 L1
primary rep3 level1: k=5 n=17,634,760 dl=4,219,556 heavy=181,720 W=13,860.3
FCFS vs an independent recursion on the first 2,000,000 jobs: max |diff| 0

policy                             w_p99_dl              w_mean               w_p99          max_excess           harm_wf1s           max_heavy      qw_forced_frac   used_over_allowed
FCFS                      -1.421085472e-14                  +0                  +0                  +0                  +0                  +0                  +0                   -
SJF-ref                                 +0    -1.110223025e-16                  +0                  +0                  +0                  +0                  +0                   -
SPJF-M4                   -7.105427358e-15    +2.220446049e-16                  +0                  +0                  +0                  +0                  +0                   -
SPJF-M4refit                            +0                  +0                  +0                  +0                  +0                  +0                  +0                   -
SPJF-tweedie              -7.105427358e-15    +2.220446049e-16                  +0                  +0                  +0                  +0                  +0                   -
SPJF-tweedie_itr                        +0                  +0    +3.552713679e-15                  +0                  +0                  +0                  +0                   -
SPJF-r1s                                +0                  +0    -3.552713679e-15                  +0                  +0                  +0                  +0                   -
FIX-G300                                +0                  +0                  +0    +2.842170943e-14                  +0                  +0    +5.551115123e-17                  +0
CAP-G300                                +0                  +0                  +0                  +0                  +0                  +0    +8.326672685e-17                  +0
SKIP-G300                               +0                  +0                  +0                  +0                  +0                  +0                  +0                  +0
FIX-G600                                +0                  +0                  +0    -5.684341886e-14                  +0                  +0    +3.295974604e-17                  +0
CAP-G600                                +0                  +0                  +0                  +0                  +0                  +0    +1.734723476e-18                  +0
SKIP-G600                               +0                  +0                  +0                  +0                  +0                  +0                  +0    +2.775557562e-17
FIX-G1200                               +0                  +0                  +0                  +0                  +0                  +0    +5.204170428e-18    -1.110223025e-16
CAP-G1200                               +0                  +0    -3.552713679e-15                  +0    +5.684341886e-14                  +0    +9.150666336e-17    -1.110223025e-16
SKIP-G1200                              +0                  +0                  +0                  +0                  +0                  +0                  +0                  +0
SPJF-top1short            +2.842170943e-14                  +0                  +0                  +0                  +0                  +0                  +0                   -
CAP-G600-top1short        -2.842170943e-14                  +0                  +0                  +0                  +0                  +0                  +0                  +0
SPJF-reversed                           +0                  +0                  +0    -4.547473509e-13    -4.547473509e-13    -2.273736754e-13                  +0                   -
CAP-G600-reversed                       +0                  +0                  +0                  +0                  +0                  +0    +5.551115123e-17                  +0
SPJF-random                             +0                  +0    +7.105427358e-15                  +0                  +0                  +0                  +0                   -
CAP-G600-random                         +0                  +0                  +0                  +0                  +0                  +0    +2.775557562e-17                  +0

wrote <cache-dir>\mv3_verify\vcell_primary_rep3_L1.csv
########## rep3 L2
primary rep3 level2: k=4 n=17,634,760 dl=4,219,556 heavy=181,720 W=13,860.3
FCFS vs an independent recursion on the first 2,000,000 jobs: max |diff| 0

policy                             w_p99_dl              w_mean               w_p99          max_excess           harm_wf1s           max_heavy      qw_forced_frac   used_over_allowed
FCFS                                    +0                  +0                  +0                  +0                  +0    +2.273736754e-13                  +0                   -
SJF-ref                                 +0    -2.220446049e-16                  +0                  +0                  +0                  +0                  +0                   -
SPJF-M4                                 +0                  +0                  +0                  +0                  +0                  +0                  +0                   -
SPJF-M4refit                            +0                  +0                  +0                  +0                  +0                  +0                  +0                   -
SPJF-tweedie                            +0                  +0                  +0                  +0                  +0                  +0                  +0                   -
SPJF-tweedie_itr                        +0                  +0                  +0                  +0                  +0                  +0                  +0                   -
SPJF-r1s                                +0                  +0                  +0                  +0                  +0                  +0                  +0                   -
FIX-G300                                +0                  +0                  +0                  +0                  +0                  +0    +5.551115123e-17                  +0
CAP-G300                                +0    -8.881784197e-16                  +0                  +0                  +0                  +0                  +0                  +0
SKIP-G300                               +0                  +0                  +0    -7.105427358e-15                  +0                  +0                  +0    +8.326672685e-17
FIX-G600                                +0    -4.440892099e-16                  +0                  +0                  +0                  +0    +2.775557562e-17                  +0
CAP-G600                                +0    -4.440892099e-16                  +0                  +0                  +0                  +0    +2.775557562e-17                  +0
SKIP-G600                               +0                  +0                  +0                  +0                  +0                  +0                  +0    +2.775557562e-17
FIX-G1200                               +0                  +0                  +0                  +0                  +0    +4.547473509e-13    +6.071532166e-17    +1.110223025e-16
CAP-G1200                               +0                  +0    +7.105427358e-15                  +0                  +0    +4.547473509e-13                  +0    +1.110223025e-16
SKIP-G1200                              +0                  +0    +2.842170943e-14                  +0    -1.421085472e-14                  +0                  +0    +9.714451465e-17
SPJF-top1short            -5.684341886e-14                  +0                  +0                  +0                  +0                  +0                  +0                   -
CAP-G600-top1short                      +0                  +0                  +0                  +0                  +0                  +0                  +0                  +0
SPJF-reversed                           +0                  +0                  +0                  +0                  +0                  +0                  +0                   -
CAP-G600-reversed                       +0                  +0                  +0                  +0                  +0                  +0                  +0                  +0
SPJF-random                             +0                  +0                  +0                  +0                  +0                  +0                  +0                   -
CAP-G600-random                         +0                  +0                  +0                  +0                  +0                  +0    +5.551115123e-17                  +0

wrote <cache-dir>\mv3_verify\vcell_primary_rep3_L2.csv
########## rep4 L0
primary rep4 level0: k=7 n=17,634,760 dl=4,219,556 heavy=181,720 W=13,026.1
FCFS vs an independent recursion on the first 2,000,000 jobs: max |diff| 0

policy                             w_p99_dl              w_mean               w_p99          max_excess           harm_wf1s           max_heavy      qw_forced_frac   used_over_allowed
FCFS                      -7.105427358e-15                  +0                  +0                  +0                  +0                  +0                  +0                   -
SJF-ref                                 +0    +5.551115123e-17                  +0    +1.136868377e-13                  +0                  +0                  +0                   -
SPJF-M4                                 +0    +5.551115123e-17    +1.776356839e-15                  +0                  +0                  +0                  +0                   -
SPJF-M4refit                            +0    +5.551115123e-17                  +0                  +0                  +0                  +0                  +0                   -
SPJF-tweedie                            +0                  +0                  +0                  +0                  +0                  +0                  +0                   -
SPJF-tweedie_itr                        +0    +5.551115123e-17    +1.776356839e-15    +1.136868377e-13    +1.421085472e-14                  +0                  +0                   -
SPJF-r1s                                +0    +5.551115123e-17                  +0                  +0    +1.421085472e-14                  +0                  +0                   -
FIX-G300                                +0                  +0                  +0                  +0                  +0                  +0    +6.245004514e-17                  +0
CAP-G300                                +0                  +0                  +0                  +0                  +0                  +0    +2.775557562e-17                  +0
SKIP-G300                               +0                  +0                  +0                  +0                  +0                  +0                  +0    +2.775557562e-17
FIX-G600                                +0                  +0    -1.776356839e-15                  +0                  +0    +1.136868377e-13    +9.584347205e-17                  +0
CAP-G600                  -3.552713679e-15    +5.551115123e-17                  +0                  +0    +1.421085472e-14    -1.136868377e-13    +7.285838599e-17                  +0
SKIP-G600                               +0                  +0    -3.552713679e-15                  +0                  +0                  +0    +5.551115123e-17    +5.551115123e-17
FIX-G1200                               +0                  +0                  +0                  +0                  +0                  +0    +1.355252716e-20                  +0
CAP-G1200                               +0                  +0                  +0                  +0                  +0                  +0    +3.501973017e-17                  +0
SKIP-G1200                -7.105427358e-15                  +0                  +0                  +0                  +0    +5.684341886e-14                  +0    +2.775557562e-17
SPJF-top1short                          +0                  +0                  +0                  +0                  +0                  +0                  +0                   -
CAP-G600-top1short                      +0                  +0                  +0                  +0                  +0                  +0    +4.163336342e-17                  +0
SPJF-reversed                           +0    +4.440892099e-16                  +0                  +0                  +0                  +0                  +0                   -
CAP-G600-reversed                       +0    -4.440892099e-16                  +0    -5.684341886e-14                  +0                  +0    +2.775557562e-17                  +0
SPJF-random               +3.552713679e-15                  +0                  +0                  +0                  +0                  +0                  +0                   -
CAP-G600-random           -3.552713679e-15                  +0                  +0                  +0                  +0                  +0    +1.040834086e-17                  +0

wrote <cache-dir>\mv3_verify\vcell_primary_rep4_L0.csv
########## rep4 L1
primary rep4 level1: k=5 n=17,634,760 dl=4,219,556 heavy=181,720 W=13,026.1
FCFS vs an independent recursion on the first 2,000,000 jobs: max |diff| 0

policy                             w_p99_dl              w_mean               w_p99          max_excess           harm_wf1s           max_heavy      qw_forced_frac   used_over_allowed
FCFS                                    +0                  +0                  +0                  +0                  +0                  +0                  +0                   -
SJF-ref                                 +0                  +0                  +0    -2.273736754e-13                  +0                  +0                  +0                   -
SPJF-M4                                 +0    -2.220446049e-16                  +0                  +0                  +0                  +0                  +0                   -
SPJF-M4refit                            +0                  +0                  +0                  +0                  +0    +4.547473509e-13                  +0                   -
SPJF-tweedie                            +0    +2.220446049e-16                  +0                  +0                  +0                  +0                  +0                   -
SPJF-tweedie_itr          +7.105427358e-15                  +0    -3.552713679e-15                  +0                  +0                  +0                  +0                   -
SPJF-r1s                                +0                  +0    -3.552713679e-15                  +0                  +0                  +0                  +0                   -
FIX-G300                                +0                  +0                  +0    +2.842170943e-14                  +0                  +0    +2.775557562e-17                  +0
CAP-G300                                +0                  +0                  +0                  +0                  +0    +1.136868377e-13    +2.775557562e-17                  +0
SKIP-G300                               +0                  +0                  +0                  +0                  +0                  +0                  +0    +5.551115123e-17
FIX-G600                                +0                  +0                  +0                  +0                  +0                  +0    +5.551115123e-17                  +0
CAP-G600                                +0                  +0    +3.552713679e-15                  +0                  +0                  +0    +9.714451465e-17                  +0
SKIP-G600                               +0                  +0                  +0                  +0                  +0                  +0                  +0    +5.551115123e-17
FIX-G1200                               +0                  +0                  +0                  +0                  +0                  +0    +8.478460989e-17                  +0
CAP-G1200                               +0                  +0                  +0                  +0                  +0    -2.273736754e-13    +2.645453301e-17                  +0
SKIP-G1200                              +0                  +0                  +0                  +0                  +0                  +0                  +0    +9.714451465e-17
SPJF-top1short                          +0                  +0                  +0                  +0                  +0                  +0                  +0                   -
CAP-G600-top1short                      +0                  +0                  +0                  +0                  +0                  +0                  +0                  +0
SPJF-reversed                           +0                  +0                  +0                  +0    -4.547473509e-13                  +0                  +0                   -
CAP-G600-reversed         +5.684341886e-14                  +0                  +0                  +0                  +0                  +0    +5.551115123e-17                  +0
SPJF-random                             +0                  +0                  +0                  +0                  +0                  +0                  +0                   -
CAP-G600-random                         +0                  +0                  +0    -5.684341886e-14                  +0                  +0    +8.326672685e-17                  +0

wrote <cache-dir>\mv3_verify\vcell_primary_rep4_L1.csv
########## rep4 L2
primary rep4 level2: k=4 n=17,634,760 dl=4,219,556 heavy=181,720 W=13,026.1
FCFS vs an independent recursion on the first 2,000,000 jobs: max |diff| 0

policy                             w_p99_dl              w_mean               w_p99          max_excess           harm_wf1s           max_heavy      qw_forced_frac   used_over_allowed
FCFS                                    +0                  +0    -2.842170943e-14                  +0                  +0                  +0                  +0                   -
SJF-ref                                 +0                  +0                  +0                  +0                  +0                  +0                  +0                   -
SPJF-M4                                 +0                  +0                  +0                  +0                  +0                  +0                  +0                   -
SPJF-M4refit                            +0                  +0                  +0                  +0                  +0                  +0                  +0                   -
SPJF-tweedie                            +0                  +0                  +0                  +0                  +0    +4.547473509e-13                  +0                   -
SPJF-tweedie_itr                        +0                  +0                  +0                  +0    -5.684341886e-14                  +0                  +0                   -
SPJF-r1s                                +0                  +0                  +0                  +0                  +0                  +0                  +0                   -
FIX-G300                  +2.842170943e-14                  +0                  +0                  +0                  +0                  +0    +5.551115123e-17                  +0
CAP-G300                                +0                  +0                  +0                  +0                  +0                  +0                  +0                  +0
SKIP-G300                               +0    +1.776356839e-15    -2.842170943e-14                  +0                  +0                  +0    -1.110223025e-16    +2.775557562e-17
FIX-G600                                +0    -4.440892099e-16                  +0                  +0                  +0                  +0    +9.714451465e-17                  +0
CAP-G600                                +0                  +0                  +0                  +0                  +0                  +0    +2.775557562e-17                  +0
SKIP-G600                               +0                  +0    +2.842170943e-14                  +0                  +0                  +0                  +0                  +0
FIX-G1200                               +0                  +0                  +0                  +0                  +0                  +0    +6.245004514e-17                  +0
CAP-G1200                               +0                  +0                  +0                  +0                  +0                  +0    +8.066464163e-17                  +0
SKIP-G1200                              +0                  +0                  +0                  +0                  +0                  +0                  +0    +4.163336342e-17
SPJF-top1short                          +0                  +0                  +0                  +0    +4.547473509e-13                  +0                  +0                   -
CAP-G600-top1short                      +0                  +0    +5.684341886e-14                  +0    -5.684341886e-14                  +0                  +0                  +0
SPJF-reversed                           +0                  +0                  +0                  +0                  +0                  +0                  +0                   -
CAP-G600-reversed                       +0                  +0    -5.684341886e-14                  +0    +5.684341886e-14                  +0                  +0                  +0
SPJF-random                             +0                  +0                  +0                  +0                  +0                  +0                  +0                   -
CAP-G600-random           +5.684341886e-14                  +0                  +0                  +0                  +0                  +0                  +0                  +0

wrote <cache-dir>\mv3_verify\vcell_primary_rep4_L2.csv
