guar = guaranteed worst-case per-job excess over FCFS on this trace (max_i bound_i - W_fcfs[i]);
guar@0 = the same bound for a job FCFS would not have delayed; harm = observed max excess over
FCFS among jobs with W_fcfs <= 1 s; gap = fraction of the FCFS->true-SJF gap closed on deadline-window p99;
qwF = share of queue-weighted dispatches forced to a guarded job; used = observed excess / allowed excess.
P1 marks the Pareto front on (guar, gap), P2 on (harm, gap).

=== rep0, predictor M4, level 0: k = 8, busy-hour rho = 0.5294, FCFS p99_dl = 22.2 s, true-SJF p99_dl = 8.3 s ===
policy                     guar   guar@0    gap gapMean   p99_dl   maxExc    harm maxHeavy   qwF%  used  P1 P2
FIX-B30                   168.8    168.8  0.333   0.275    17.56     62.6    59.6    438.7  28.11 0.371  1  1
SKIP-N1                   172.5    172.5  0.010   0.016    22.03     36.0    36.0    435.2  51.72 0.209  0  1
SKIP-N2                   180.0    180.0  0.011   0.021    22.01     36.1    36.1    435.2  51.21 0.201  0  1
FIX-B120                  180.0    180.0  0.504   0.435    15.18     76.1    60.0    449.7  14.54 0.423  1  0
SKIP-N5                   202.5    202.5  0.022   0.036    21.86     36.3    36.3    435.3  49.35 0.179  0  1
FIX-B300                  202.5    202.5  0.639   0.592    13.31     82.4    68.5    472.4   5.95 0.407  1  0
SKIP-N10                  240.0    240.0  0.040   0.058    21.62     44.3    44.3    435.4  46.74 0.185  0  1
CAP-B30-e0.5-M600         240.0    240.0  0.643   0.695    13.26    130.9    70.9    537.3   2.74 0.546  0  0
CAP-B120-e0.5-M600        240.0    240.0  0.685   0.700    12.68    125.0   112.1    537.3   2.03 0.521  0  0
FIX-B600                  240.0    240.0  0.691   0.699    12.59    125.0   112.3    537.3   1.87 0.521  1  0
SKIP-N20                  315.0    315.0  0.068   0.094    21.22     52.4    45.9    435.6  43.01 0.166  0  1
CAP-B30-e0.5-M1200        315.0    315.0  0.655   0.775    13.09    200.6    70.9    598.4   1.66 0.637  0  0
CAP-B120-e0.5-M1200       315.0    315.0  0.699   0.787    12.48    195.5   112.1    600.9   0.87 0.621  0  0
CAP-B30-e0.75-M1200       315.0    315.0  0.701   0.776    12.46    197.9   119.3    598.1   0.74 0.628  0  0
CAP-B120-e0.75-M1200      315.0    315.0  0.710   0.773    12.33    195.1   119.3    598.1   0.49 0.619  0  0
CAP-B30-e0.9-M1200        315.0    315.0  0.711   0.773    12.32    194.5   119.3    598.1   0.47 0.617  0  0
FIX-B1200                 315.0    315.0  0.711   0.773    12.32    194.5   140.8    598.1   0.40 0.617  1  0
REL-B30-e0.25             370.0    225.0  0.577   0.688    14.18    183.7    60.0    589.8   3.90 0.524  0  1
REL-B120-e0.25            385.0    240.0  0.649   0.740    13.17    183.7    68.2    595.3   2.06 0.513  0  1
FIX-B1800                 390.0    390.0  0.718   0.805    12.22    286.4   140.8    668.5   0.20 0.734  1  0
REL-B600-e0.25            465.0    320.0  0.712   0.795    12.31    305.7   119.3    731.2   0.36 0.662  0  0
SKIP-N50                  540.0    540.0  0.164   0.173    19.90     61.5    46.7    436.4  36.19 0.114  0  1
CAP-B120-e0.5-M3600       615.0    360.0  0.708   0.833    12.36    491.2   112.1    892.4   0.64 0.799  0  0
CAP-B30-e0.75-M3600       615.0    615.0  0.718   0.863    12.21    486.6   119.3    882.4   0.45 0.791  0  0
CAP-B600-e0.5-M3600       615.0    480.0  0.727   0.859    12.10    486.7   140.8    878.9   0.05 0.791  0  0
CAP-B30-e0.9-M3600        615.0    615.0  0.730   0.858    12.06    498.1   119.3    881.2   0.14 0.810  0  0
CAP-B120-e0.75-M3600      615.0    615.0  0.730   0.862    12.05    494.5   119.3    881.2   0.15 0.804  0  0
FIX-B3600                 615.0    615.0  0.732   0.866    12.02    491.7   140.8    882.4   0.03 0.799  1  0
REL-B1800-e0.25           665.0    520.0  0.730   0.860    12.05    482.9   140.8    878.9   0.04 0.751  0  0
REL-B30-e0.5              772.5    337.5  0.660   0.822    13.02    467.6    70.9    871.4   1.51 0.638  0  1
REL-B120-e0.5             795.0    360.0  0.708   0.833    12.35    496.7   112.1    900.4   0.64 0.657  0  1
REL-B600-e0.5             915.0    480.0  0.727   0.860    12.09    605.1   140.8   1001.0   0.05 0.691  0  0
FIX-B7200                1065.0   1065.0  0.735   0.868    11.99    951.7   140.8   1147.5   0.01 0.894  1  0
REL-B1800-e0.5           1215.0    780.0  0.736   0.872    11.97    775.5   140.8   1147.5   0.01 0.735  1  1
REL-B30-e0.75            1980.1    675.0  0.723   0.868    12.15    817.4   119.3   1149.0   0.44 0.589  0  0
REL-B120-e0.75           2025.1    720.0  0.733   0.871    12.01    817.5   119.3   1148.5   0.12 0.570  0  0
REL-B600-e0.75           2265.1    960.0  0.735   0.872    11.98    812.4   140.8   1148.9   0.01 0.584  0  0
REL-B1800-e0.75          2865.1   1560.0  0.736   0.875    11.98   1225.3   140.8   1401.7   0.00 0.698  0  0
REL-B30-e0.9             5602.7   1687.5  0.734   0.874    12.00   1224.1   119.3   1401.3   0.10 0.445  0  1
REL-B120-e0.9            5715.2   1800.0  0.735   0.873    11.99   1222.0   140.8   1365.8   0.02 0.437  0  0
REL-B600-e0.9            6315.2   2400.0  0.735   0.875    11.98   1244.8   140.8   1365.8   0.00 0.443  0  0
REL-B1800-e0.9           7815.2   3900.0  0.735   0.875    11.98   1244.8   140.8   1365.8   0.00 0.288  0  0
FCFS                          -        -  0.000   0.000    22.17      0.0     0.0    435.0 100.00     -  0  0
SPJF                          -        -  0.735   0.875    11.98   1244.8   140.8   1365.8   0.00     -  0  0
SJF-ref                       -        -  1.000   1.000     8.31   1034.0   595.9   1185.9   0.00     -  0  0

=== rep0, predictor M4, level 1: k = 5, busy-hour rho = 0.8471, FCFS p99_dl = 109.7 s, true-SJF p99_dl = 34.2 s ===
policy                     guar   guar@0    gap gapMean   p99_dl   maxExc    harm maxHeavy   qwF%  used  P1 P2
FIX-B30                   162.0    162.0  0.054   0.208   105.62     73.0    73.0   1029.0  60.84 0.451  1  1
SKIP-N1                   168.0    168.0  0.000   0.008   109.67     56.9    56.9   1023.0  86.50 0.339  0  1
SKIP-N2                   180.0    180.0  0.001   0.011   109.67     57.0    57.0   1023.1  86.08 0.317  0  1
FIX-B120                  180.0    180.0  0.286   0.365    88.13    109.7    82.7   1046.9  43.43 0.609  1  1
SKIP-N5                   216.0    216.0  0.001   0.019   109.62     63.6    57.0   1023.2  84.60 0.294  0  1
FIX-B300                  216.0    216.0  0.527   0.488    69.93    124.7   107.4   1082.9  28.57 0.577  1  0
SKIP-N10                  276.0    276.0  0.000   0.033   109.68     66.0    57.3   1023.4  82.25 0.239  0  0
CAP-B30-e0.5-M600         276.0    276.0  0.670   0.598    59.07    179.9    92.8   1142.9  17.29 0.652  0  0
CAP-B120-e0.5-M600        276.0    276.0  0.693   0.604    57.39    195.3   122.4   1142.9  16.21 0.708  0  0
FIX-B600                  276.0    276.0  0.705   0.604    56.45    195.3   157.8   1142.9  15.91 0.708  1  0
SKIP-N20                  396.0    396.0 -0.000   0.057   109.74     66.7    57.7   1023.9  78.63 0.168  0  0
CAP-B30-e0.5-M1200        396.0    324.0  0.717   0.702    55.59    292.8    92.8   1274.7   8.72 0.739  0  0
CAP-B120-e0.5-M1200       396.0    360.0  0.747   0.719    53.29    292.4   122.4   1274.6   7.20 0.738  0  0
CAP-B30-e0.75-M1200       396.0    396.0  0.771   0.720    51.52    292.4   127.7   1274.6   6.99 0.738  0  0
CAP-B120-e0.75-M1200      396.0    396.0  0.774   0.723    51.22    302.7   183.0   1274.7   6.54 0.765  0  0
CAP-B30-e0.9-M1200        396.0    396.0  0.778   0.723    50.99    302.7   193.1   1274.7   6.53 0.765  0  0
FIX-B1200                 396.0    396.0  0.780   0.724    50.82    302.7   240.8   1274.7   6.50 0.765  1  0
FIX-B1800                 516.0    516.0  0.806   0.783    48.83    420.8   241.4   1386.8   2.93 0.816  1  0
REL-B30-e0.25             557.3    216.0  0.538   0.589    69.08    379.7    82.9   1388.6  14.68 0.710  0  1
REL-B120-e0.25            581.3    240.0  0.641   0.651    61.30    400.8    84.0   1401.8   9.97 0.713  0  1
REL-B600-e0.25            709.3    368.0  0.790   0.785    50.02    525.8   187.2   1530.1   2.56 0.770  0  0
SKIP-N50                  756.0    756.0  0.012   0.115   108.82     77.2    59.7   1025.2  71.32 0.102  0  1
CAP-B120-e0.5-M3600       876.0    360.0  0.773   0.823    51.31    756.7   122.4   1736.7   1.93 0.864  0  0
CAP-B30-e0.75-M3600       876.0    648.0  0.812   0.840    48.38    776.9   127.7   1740.6   1.45 0.887  0  0
CAP-B120-e0.75-M3600      876.0    720.0  0.821   0.852    47.70    784.9   183.0   1736.8   0.68 0.896  0  0
CAP-B600-e0.5-M3600       876.0    552.0  0.825   0.855    47.40    773.1   241.3   1741.5   0.66 0.882  0  0
CAP-B30-e0.9-M3600        876.0    876.0  0.829   0.855    47.10    785.9   193.1   1736.7   0.49 0.897  0  0
FIX-B3600                 876.0    876.0  0.831   0.856    46.97    776.4   241.4   1736.8   0.34 0.886  1  0
REL-B1800-e0.25          1029.3    688.0  0.831   0.862    46.92    846.7   241.4   1839.8   0.38 0.844  1  0
REL-B30-e0.5             1347.8    324.0  0.743   0.806    53.61   1067.7    92.8   2066.1   3.70 0.811  0  1
REL-B120-e0.5            1383.8    360.0  0.777   0.836    51.01   1114.4   122.4   2075.9   1.82 0.809  0  1
REL-B600-e0.5            1575.8    552.0  0.831   0.874    46.98   1275.0   241.3   2226.4   0.51 0.826  0  0
FIX-B7200                1596.0   1596.0  0.849   0.895    45.59   1504.4   241.4   2419.8   0.07 0.943  1  0
REL-B1800-e0.5           2055.8   1032.0  0.848   0.896    45.66   1726.9   241.4   2681.1   0.07 0.869  0  0
REL-B30-e0.75            3719.5    648.0  0.833   0.892    46.77   2322.1   127.7   3095.1   1.16 0.794  0  1
REL-B120-e0.75           3791.5    720.0  0.840   0.898    46.31   2322.1   183.0   3095.1   0.41 0.805  0  1
REL-B600-e0.75           4175.5   1104.0  0.852   0.906    45.33   2317.3   241.4   3090.3   0.05 0.803  1  0
REL-B1800-e0.75          5135.5   2064.0  0.859   0.911    44.82   2336.8   241.4   3090.3   0.01 0.815  1  0
REL-B30-e0.9            10834.4   1620.0  0.852   0.907    45.33   2666.8   193.1   3090.3   0.16 0.661  0  1
REL-B120-e0.9           11014.4   1800.0  0.857   0.910    45.01   2944.5   241.4   3235.5   0.07 0.666  0  0
REL-B600-e0.9           11974.4   2760.0  0.860   0.912    44.76   3055.1   241.4   3346.7   0.00 0.680  1  0
REL-B1800-e0.9          14374.4   5160.0  0.861   0.913    44.69   3055.1   241.4   3346.7   0.00 0.493  1  1
FCFS                          -        -  0.000   0.000   109.71      0.0     0.0   1022.9 100.00     -  0  0
SPJF                          -        -  0.861   0.913    44.69   3055.1   241.4   3346.7   0.00     -  0  0
SJF-ref                       -        -  1.000   1.000    34.19   2667.4   774.8   3072.3   0.00     -  0  0

=== rep0, predictor M4, level 2: k = 4, busy-hour rho = 1.0589, FCFS p99_dl = 263.1 s, true-SJF p99_dl = 42.9 s ===
policy                     guar   guar@0    gap gapMean   p99_dl   maxExc    harm maxHeavy   qwF%  used  P1 P2
FIX-B30                   157.5    157.5  0.005   0.158   262.06     71.2    63.1   1550.3  74.38 0.452  1  1
SKIP-N1                   165.0    165.0  0.000   0.005   263.11     58.5    58.5   1543.0  93.81 0.355  0  1
SKIP-N2                   180.0    180.0 -0.000   0.007   263.12     66.4    58.5   1543.0  93.52 0.369  0  0
FIX-B120                  180.0    180.0  0.099   0.306   241.35    101.6    85.5   1572.9  58.04 0.565  1  0
SKIP-N5                   225.0    225.0 -0.000   0.012   263.14     93.0    58.7   1543.0  92.45 0.413  0  0
FIX-B300                  225.0    225.0  0.207   0.419   217.56    162.7   113.1   1617.9  43.21 0.723  1  0
SKIP-N10                  300.0    300.0  0.001   0.022   262.98     96.8    59.0   1543.4  90.90 0.323  0  1
FIX-B600                  300.0    300.0  0.429   0.530   168.67    215.4   183.4   1692.9  29.67 0.718  0  0
CAP-B30-e0.5-M600         300.0    300.0  0.434   0.515   167.48    210.9    91.4   1692.9  30.43 0.703  0  0
CAP-B120-e0.5-M600        300.0    300.0  0.446   0.528   164.91    208.3   163.3   1692.9  29.73 0.694  1  0
SKIP-N20                  450.0    450.0  0.001   0.039   262.99    104.2    61.9   1543.9  88.40 0.231  0  0
CAP-B30-e0.5-M1200        450.0    315.0  0.596   0.618   131.90    358.4    91.4   1842.8  17.12 0.796  0  0
CAP-B120-e0.5-M1200       450.0    360.0  0.624   0.640   125.62    358.4   163.3   1842.8  16.12 0.796  0  0
CAP-B30-e0.75-M1200       450.0    450.0  0.688   0.648   111.60    374.5   171.7   1842.8  15.92 0.832  0  0
CAP-B120-e0.75-M1200      450.0    450.0  0.699   0.650   109.21    359.1   216.8   1842.8  15.68 0.798  0  0
CAP-B30-e0.9-M1200        450.0    450.0  0.702   0.646   108.57    368.3   239.4   1842.9  16.15 0.818  0  0
FIX-B1200                 450.0    450.0  0.708   0.653   107.12    370.7   312.6   1842.9  15.68 0.824  1  0
FIX-B1800                 600.0    600.0  0.788   0.723    89.47    514.0   457.7   1992.9   9.78 0.857  1  0
REL-B30-e0.25             724.9    210.0  0.375   0.512   180.56    550.0    85.5   2065.3  25.38 0.801  0  1
REL-B120-e0.25            754.9    240.0  0.463   0.581   161.05    580.0    91.2   2095.7  19.06 0.809  0  1
SKIP-N50                  900.0    900.0 -0.004   0.081   263.95    105.0    63.9   1545.5  83.08 0.117  0  0
REL-B600-e0.25            914.9    400.0  0.750   0.720    97.99    743.7   240.5   2264.2   8.73 0.853  0  0
CAP-B120-e0.5-M3600      1050.0    360.0  0.727   0.767   102.92    952.8   163.3   2456.5   4.31 0.907  0  0
CAP-B30-e0.75-M3600      1050.0    630.0  0.809   0.799    84.93    958.5   171.7   2441.4   2.52 0.913  0  0
CAP-B120-e0.75-M3600     1050.0    720.0  0.829   0.808    80.52    980.9   216.8   2441.4   1.91 0.934  0  0
CAP-B600-e0.5-M3600      1050.0    600.0  0.834   0.820    79.46    977.5   315.5   2463.6   2.23 0.931  0  0
CAP-B30-e0.9-M3600       1050.0   1050.0  0.838   0.823    78.58    958.1   237.9   2449.9   1.77 0.913  0  0
FIX-B3600                1050.0   1050.0  0.843   0.818    77.50    958.1   483.2   2457.9   1.91 0.913  1  0
REL-B1800-e0.25          1314.9    800.0  0.840   0.830    78.02   1145.0   483.2   2659.3   1.43 0.885  0  0
REL-B30-e0.5             1859.6    315.0  0.693   0.760   110.54   1606.0    91.4   3103.4   6.61 0.865  0  1
REL-B120-e0.5            1904.6    360.0  0.735   0.795   101.16   1654.8   163.3   3166.4   3.24 0.870  0  1
FIX-B7200                1950.0   1950.0  0.867   0.876    72.28   1856.1   483.2   3296.2   0.26 0.952  1  0
REL-B600-e0.5            2144.6    600.0  0.842   0.859    77.72   1875.1   315.5   3406.3   0.88 0.879  0  0
REL-B1800-e0.5           2744.6   1200.0  0.865   0.892    72.61   2469.9   483.2   3940.5   0.18 0.907  0  0
REL-B30-e0.75            5263.8    630.0  0.844   0.889    77.32   4029.7   171.7   5339.8   1.38 0.885  0  1
REL-B120-e0.75           5353.8    720.0  0.863   0.899    73.01   4125.5   216.8   5435.9   0.55 0.887  0  1
REL-B600-e0.75           5833.8   1200.0  0.882   0.914    68.78   4288.3   483.2   5598.6   0.09 0.888  1  0
REL-B1800-e0.75          7033.8   2400.0  0.887   0.920    67.77   4888.9   483.2   5927.9   0.02 0.891  1  0
REL-B30-e0.9            15476.4   1575.0  0.881   0.917    69.09   4888.9   237.9   5927.9   0.24 0.709  0  1
REL-B120-e0.9           15701.4   1800.0  0.886   0.919    68.01   4883.2   381.9   5925.3   0.10 0.758  0  1
REL-B600-e0.9           16901.4   3000.0  0.890   0.922    67.05   4889.0   483.2   5927.8   0.01 0.789  1  0
REL-B1800-e0.9          19901.4   6000.0  0.892   0.924    66.57   5882.9   483.2   6264.1   0.00 0.761  1  1
FCFS                          -        -  0.000   0.000   263.12      0.0     0.0   1542.8 100.00     -  0  0
SPJF                          -        -  0.892   0.924    66.57   5882.9   483.2   6264.1   0.00     -  0  0
SJF-ref                       -        -  1.000   1.000    42.88   4755.5  1101.5   5299.5   0.00     -  0  0


=== rep0, adversarial predictors (selected designs) ===

-- level 0 (k=8), predictor random: FCFS p99_dl 22.2 s --
policy                     guar     gap   p99_dl   maxExc     harm maxHeavy   qwF%  used
FIX-B600                  240.0   0.574    14.21    151.0    133.2    518.9  13.39 0.629
CAP-B30-e0.5-M600         240.0   0.469    15.66    130.0    124.9    519.0  14.51 0.542
SKIP-N10                  240.0  -0.003    22.22     60.6     60.6    435.4  48.04 0.252
FIX-B1200                 315.0   0.620    13.57    211.4    211.4    603.3   7.86 0.671
CAP-B30-e0.9-M1200        315.0   0.621    13.57    211.4    211.4    603.3   8.03 0.671
CAP-B120-e0.75-M1200      315.0   0.620    13.58    211.4    211.4    603.2   8.04 0.671
SKIP-N20                  315.0  -0.010    22.31     61.2     61.2    435.6  44.59 0.194
FIX-B3600                 615.0   0.660    13.02    495.4    478.9    891.1   1.83 0.806
CAP-B30-e0.9-M3600        615.0   0.652    13.14    495.5    351.2    891.1   2.13 0.806
REL-B120-e0.5             795.0   0.585    14.06    517.4    133.2    913.3   4.59 0.659
REL-B30-e0.75            1980.1   0.613    13.68    873.1    211.9   1175.0   2.63 0.586
SPJF                          -   0.670    12.89   1307.7   1250.2   1379.1   0.00     -
SJF-ref                       -   1.000     8.31   1034.0    595.9   1185.9   0.00     -
FCFS                          -   0.000    22.17      0.0      0.0    435.0 100.00     -

-- level 0 (k=8), predictor reversed: FCFS p99_dl 22.2 s --
policy                     guar     gap   p99_dl   maxExc     harm maxHeavy   qwF%  used
FIX-B600                  240.0  -0.927    35.02    149.8    124.3    538.6  29.17 0.624
CAP-B30-e0.5-M600         240.0  -0.837    33.77    142.6     93.2    538.6  32.01 0.594
SKIP-N10                  240.0  -0.502    29.13    111.1     88.3    532.9  53.59 0.463
FIX-B1200                 315.0  -0.853    33.99    214.0    196.6    619.6  23.78 0.679
CAP-B30-e0.9-M1200        315.0  -0.864    34.14    214.0    196.6    619.6  23.92 0.679
CAP-B120-e0.75-M1200      315.0  -0.869    34.22    214.0    195.8    619.6  24.06 0.679
SKIP-N20                  315.0  -0.624    30.82    159.5    142.6    570.6  52.60 0.506
FIX-B3600                 615.0  -0.809    33.39    509.3    475.0    851.8  12.97 0.828
CAP-B30-e0.9-M3600        615.0  -0.832    33.70    506.5    400.9    852.6  13.79 0.824
REL-B120-e0.5             795.0  -0.934    35.12    511.9    124.7    836.9  19.73 0.666
REL-B30-e0.75            1980.1  -0.860    34.09    834.0    157.3    881.0  10.04 0.604
SPJF                          -  -0.798    33.22   1217.6    812.2    996.7   0.00     -
SJF-ref                       -   1.000     8.31   1034.0    595.9   1185.9   0.00     -
FCFS                          -   0.000    22.17      0.0      0.0    435.0 100.00     -

-- level 0 (k=8), predictor top1short: FCFS p99_dl 22.2 s --
policy                     guar     gap   p99_dl   maxExc     harm maxHeavy   qwF%  used
FIX-B600                  240.0  -0.592    30.37    151.4    129.5    442.4  27.29 0.631
CAP-B30-e0.5-M600         240.0  -0.592    30.38    144.6    109.7    442.7  28.94 0.603
SKIP-N10                  240.0  -0.417    27.95    101.1     82.0    431.5  49.49 0.421
FIX-B1200                 315.0  -0.521    29.39    215.2    189.6    535.4  22.32 0.683
CAP-B30-e0.9-M1200        315.0  -0.535    29.58    215.2    189.6    535.4  22.42 0.683
CAP-B120-e0.75-M1200      315.0  -0.541    29.66    215.2    189.6    535.4  22.58 0.683
SKIP-N20                  315.0  -0.504    29.16    139.8    116.9    428.8  48.40 0.444
FIX-B3600                 615.0  -0.490    28.96    523.5    480.4    847.7  10.97 0.851
CAP-B30-e0.9-M3600        615.0  -0.514    29.29    523.5    377.9    847.7  11.54 0.851
REL-B120-e0.5             795.0  -0.622    30.79    511.9    129.6    770.5  17.60 0.667
REL-B30-e0.75            1980.1  -0.549    29.79    829.2    154.1   1171.8   9.91 0.591
SPJF                          -  -0.482    28.85   1325.3    809.4   1170.7   0.00     -
SJF-ref                       -   1.000     8.31   1034.0    595.9   1185.9   0.00     -
FCFS                          -   0.000    22.17      0.0      0.0    435.0 100.00     -

-- level 1 (k=5), predictor random: FCFS p99_dl 109.7 s --
policy                     guar     gap   p99_dl   maxExc     harm maxHeavy   qwF%  used
FIX-B600                  276.0  -0.019   111.11    196.6    183.3   1153.4  34.66 0.712
CAP-B30-e0.5-M600         276.0   0.054   105.60    187.9    131.0   1153.4  36.56 0.681
SKIP-N10                  276.0   0.003   109.46     75.7     75.7   1030.7  83.09 0.274
FIX-B1200                 396.0   0.264    89.76    313.9    313.9   1273.7  23.44 0.793
CAP-B30-e0.9-M1200        396.0   0.255    90.43    313.9    313.9   1273.7  23.56 0.793
CAP-B120-e0.75-M1200      396.0   0.237    91.79    304.0    291.4   1273.7  23.72 0.768
SKIP-N20                  396.0   0.008   109.12     85.3     85.3   1030.8  79.67 0.215
FIX-B3600                 876.0   0.413    78.50    787.6    759.3   1748.2   6.44 0.899
CAP-B30-e0.9-M3600        876.0   0.392    80.07    787.3    417.5   1748.2   6.87 0.899
REL-B120-e0.5            1383.8   0.210    93.84   1126.3    164.6   2079.6  11.75 0.814
REL-B30-e0.75            3719.5   0.351    83.21   2319.8    246.5   3063.5   4.49 0.805
SPJF                          -   0.453    75.46   3319.4   3257.9   3311.2   0.00     -
SJF-ref                       -   1.000    34.19   2667.4    774.8   3072.3   0.00     -
FCFS                          -   0.000   109.71      0.0      0.0   1022.9 100.00     -

-- level 1 (k=5), predictor reversed: FCFS p99_dl 109.7 s --
policy                     guar     gap   p99_dl   maxExc     harm maxHeavy   qwF%  used
FIX-B600                  276.0  -1.175   198.41    206.3    182.1   1176.8  50.05 0.747
CAP-B30-e0.5-M600         276.0  -0.900   177.70    197.4    144.7   1176.8  56.01 0.715
SKIP-N10                  276.0  -0.618   156.35    179.8    161.5   1139.1  85.00 0.652
FIX-B1200                 396.0  -1.714   239.12    315.5    299.0   1282.8  40.94 0.797
CAP-B30-e0.9-M1200        396.0  -1.624   232.37    313.6    299.0   1282.8  41.36 0.792
CAP-B120-e0.75-M1200      396.0  -1.508   223.60    315.5    299.0   1282.8  41.90 0.797
SKIP-N20                  396.0  -0.877   175.93    259.8    188.6   1203.6  83.01 0.656
FIX-B3600                 876.0  -1.488   222.06    787.7    760.7   1670.3  18.11 0.899
CAP-B30-e0.9-M3600        876.0  -1.437   218.22    787.7    421.6   1670.3  19.68 0.899
REL-B120-e0.5            1383.8  -1.001   185.30   1123.4    164.5   1852.9  34.10 0.814
REL-B30-e0.75            3719.5  -1.188   199.44   2313.9    265.7   1885.1  12.69 0.806
SPJF                          -  -1.435   218.07   3387.9   3387.9   1989.8   0.00     -
SJF-ref                       -   1.000    34.19   2667.4    774.8   3072.3   0.00     -
FCFS                          -   0.000   109.71      0.0      0.0   1022.9 100.00     -

-- level 1 (k=5), predictor top1short: FCFS p99_dl 109.7 s --
policy                     guar     gap   p99_dl   maxExc     harm maxHeavy   qwF%  used
FIX-B600                  276.0  -1.126   194.71    192.2    182.1    983.1  47.36 0.696
CAP-B30-e0.5-M600         276.0  -0.891   176.99    189.0    122.6    983.1  52.06 0.685
SKIP-N10                  276.0  -0.466   144.89    156.4    122.6   1006.0  82.56 0.567
FIX-B1200                 396.0  -1.481   221.52    326.2    298.2    989.0  38.60 0.824
CAP-B30-e0.9-M1200        396.0  -1.434   217.98    326.2    298.5    989.0  38.89 0.824
CAP-B120-e0.75-M1200      396.0  -1.369   213.12    326.2    299.3    989.0  39.39 0.824
SKIP-N20                  396.0  -0.710   163.34    233.1    177.4    997.1  80.67 0.589
FIX-B3600                 876.0  -1.260   204.87    790.7    753.2   1483.6  15.35 0.903
CAP-B30-e0.9-M3600        876.0  -1.230   202.58    790.7    443.2   1483.6  16.53 0.903
REL-B120-e0.5            1383.8  -0.969   182.87   1119.1    177.5   1546.3  27.57 0.811
REL-B30-e0.75            3719.5  -1.076   190.97   2321.6    218.3   2992.6  11.30 0.804
SPJF                          -  -1.203   200.55   3301.8   2963.0   3093.9   0.00     -
SJF-ref                       -   1.000    34.19   2667.4    774.8   3072.3   0.00     -
FCFS                          -   0.000   109.71      0.0      0.0   1022.9 100.00     -

-- level 2 (k=4), predictor random: FCFS p99_dl 263.1 s --
policy                     guar     gap   p99_dl   maxExc     harm maxHeavy   qwF%  used
FIX-B600                  300.0  -0.109   287.05    230.5    221.9   1697.5  45.16 0.768
CAP-B30-e0.5-M600         300.0  -0.111   287.55    230.5    142.7   1695.3  46.81 0.768
SKIP-N10                  300.0  -0.002   263.60     86.8     76.0   1545.7  91.49 0.289
FIX-B1200                 450.0  -0.125   290.56    363.0    351.2   1846.3  32.29 0.807
CAP-B30-e0.9-M1200        450.0  -0.107   286.60    361.3    351.2   1846.3  32.35 0.803
CAP-B120-e0.75-M1200      450.0  -0.077   280.02    362.2    328.1   1846.3  32.45 0.805
SKIP-N20                  450.0  -0.005   264.20     98.3     98.3   1553.0  89.10 0.219
FIX-B3600                1050.0   0.273   202.93    971.2    935.0   2451.7  12.41 0.925
CAP-B30-e0.9-M3600       1050.0   0.242   209.86    971.2    434.3   2451.7  12.70 0.925
REL-B120-e0.5            1904.6   0.132   234.12   1676.7    175.6   3197.3  17.43 0.884
REL-B30-e0.75            5263.8   0.251   207.91   4248.5    261.5   5502.6   4.99 0.909
SPJF                          -   0.360   183.80   6235.5   6173.6   6199.6   0.00     -
SJF-ref                       -   1.000    42.88   4755.5   1101.5   5299.5   0.00     -
FCFS                          -   0.000   263.12      0.0      0.0   1542.8 100.00     -

-- level 2 (k=4), predictor reversed: FCFS p99_dl 263.1 s --
policy                     guar     gap   p99_dl   maxExc     harm maxHeavy   qwF%  used
FIX-B600                  300.0  -0.560   386.50    232.6    209.1   1716.2  60.24 0.775
CAP-B30-e0.5-M600         300.0  -0.547   383.67    234.3    116.1   1716.2  65.99 0.781
SKIP-N10                  300.0  -0.327   335.06    185.8    147.3   1673.3  92.12 0.619
FIX-B1200                 450.0  -0.914   464.52    381.6    342.2   1859.8  49.45 0.848
CAP-B30-e0.9-M1200        450.0  -0.915   464.54    381.6    335.8   1859.8  49.87 0.848
CAP-B120-e0.75-M1200      450.0  -0.909   463.28    381.6    278.3   1859.8  50.37 0.848
SKIP-N20                  450.0  -0.503   373.98    333.0    239.5   1752.8  90.45 0.740
FIX-B3600                1050.0  -1.323   554.49    971.1    937.4   2205.9  25.58 0.925
CAP-B30-e0.9-M3600       1050.0  -1.172   521.28    971.1    397.6   2205.9  27.22 0.925
REL-B120-e0.5            1904.6  -0.557   385.73   1638.7    162.5   2532.2  42.94 0.874
REL-B30-e0.75            5263.8  -0.759   430.18   4238.9    225.0   2534.2  14.01 0.899
SPJF                          -  -1.171   521.06   6295.7   5248.8   2654.8   0.00     -
SJF-ref                       -   1.000    42.88   4755.5   1101.5   5299.5   0.00     -
FCFS                          -   0.000   263.12      0.0      0.0   1542.8 100.00     -

-- level 2 (k=4), predictor top1short: FCFS p99_dl 263.1 s --
policy                     guar     gap   p99_dl   maxExc     harm maxHeavy   qwF%  used
FIX-B600                  300.0  -0.547   383.66    238.6    215.1   1499.4  57.86 0.795
CAP-B30-e0.5-M600         300.0  -0.543   382.75    221.0    120.3   1499.4  62.65 0.737
SKIP-N10                  300.0  -0.208   308.93    184.0    132.0   1529.2  90.31 0.613
FIX-B1200                 450.0  -0.890   459.04    377.3    343.3   1421.8  47.00 0.839
CAP-B30-e0.9-M1200        450.0  -0.890   459.20    377.3    327.8   1421.8  47.28 0.839
CAP-B120-e0.75-M1200      450.0  -0.889   458.90    377.3    291.6   1421.8  47.71 0.839
SKIP-N20                  450.0  -0.326   334.99    285.4    207.5   1513.4  88.89 0.634
FIX-B3600                1050.0  -1.098   504.87    975.2    930.5   1911.7  20.36 0.929
CAP-B30-e0.9-M3600       1050.0  -1.026   489.15    975.2    357.7   1911.7  21.43 0.929
REL-B120-e0.5            1904.6  -0.553   384.83   1638.8    165.7   2047.0  32.80 0.873
REL-B30-e0.75            5263.8  -0.720   421.60   4192.7    218.8   3967.8  11.64 0.892
SPJF                          -  -0.947   471.75   6103.7   3405.4   5965.2   0.00     -
SJF-ref                       -   1.000    42.88   4755.5   1101.5   5299.5   0.00     -
FCFS                          -   0.000   263.12      0.0      0.0   1542.8 100.00     -


=== rep1 ===

-- level 0 (k=8), predictor M4: FCFS p99_dl 21.2 s, true-SJF 7.6 s --
policy                     guar     gap   p99_dl   maxExc     harm maxHeavy  used
FIX-B600                  240.0   0.722    11.36    132.1    124.7    425.4 0.550
CAP-B30-e0.5-M600         240.0   0.682    11.90    116.7     85.3    425.4 0.486
SKIP-N10                  240.0   0.046    20.57     44.6     44.6    349.7 0.186
FIX-B1200                 315.0   0.738    11.13    191.9    148.0    506.3 0.609
CAP-B30-e0.9-M1200        315.0   0.738    11.14    191.9    130.2    506.3 0.609
CAP-B120-e0.75-M1200      315.0   0.737    11.15    195.9    130.0    506.3 0.622
SKIP-N20                  315.0   0.092    19.94     45.2     45.2    350.0 0.143
FIX-B3600                 615.0   0.761    10.82    492.4    148.0    803.4 0.801
CAP-B30-e0.9-M3600        615.0   0.759    10.84    492.4    130.2    808.3 0.801
REL-B120-e0.5             712.7   0.737    11.15    423.9    127.1    742.7 0.624
REL-B30-e0.75            1733.2   0.751    10.97    695.3    128.0    970.9 0.482
SPJF                          -   0.761    10.82   1077.9    148.0   1183.9     -
SJF-ref                       -   1.000     7.56    854.1    442.1    960.3     -
FCFS                          -   0.000    21.20      0.0      0.0    349.0     -

-- level 1 (k=5), predictor M4: FCFS p99_dl 111.5 s, true-SJF 32.2 s --
policy                     guar     gap   p99_dl   maxExc     harm maxHeavy  used
FIX-B600                  276.0   0.716    54.71    183.0    164.3    965.2 0.663
CAP-B30-e0.5-M600         276.0   0.699    56.04    185.2     91.9    965.3 0.671
SKIP-N10                  276.0   0.002   111.30     63.9     52.4    848.3 0.231
FIX-B1200                 396.0   0.789    48.96    315.2    266.8   1086.6 0.796
CAP-B30-e0.9-M1200        396.0   0.785    49.22    315.2    274.8   1086.6 0.796
CAP-B120-e0.75-M1200      396.0   0.785    49.25    315.8    194.2   1088.4 0.797
SKIP-N20                  396.0   0.004   111.19     75.1     60.3    848.7 0.190
FIX-B3600                 876.0   0.840    44.90    786.4    390.9   1568.3 0.898
CAP-B30-e0.9-M3600        876.0   0.839    44.94    786.4    288.8   1568.4 0.898
REL-B120-e0.5            1210.5   0.782    49.50    923.4    144.1   1757.0 0.788
REL-B30-e0.75            3199.6   0.837    45.17   2020.8    155.2   2754.9 0.767
SPJF                          -   0.869    42.62   2814.9    390.9   3017.2     -
SJF-ref                       -   1.000    32.21   2410.5    255.4   2755.9     -
FCFS                          -   0.000   111.46      0.0      0.0    848.3     -

-- level 2 (k=4), predictor M4: FCFS p99_dl 277.8 s, true-SJF 43.4 s --
policy                     guar     gap   p99_dl   maxExc     harm maxHeavy  used
FIX-B600                  300.0   0.441   174.46    216.2    174.5   1418.7 0.721
CAP-B30-e0.5-M600         300.0   0.458   170.34    208.8    110.6   1418.7 0.696
SKIP-N10                  300.0  -0.000   277.84     72.6     60.3   1269.3 0.242
FIX-B1200                 450.0   0.743   103.58    356.6    300.3   1569.0 0.792
CAP-B30-e0.9-M1200        450.0   0.742   103.97    360.9    174.5   1569.0 0.802
CAP-B120-e0.75-M1200      450.0   0.741   104.09    356.7    174.5   1569.0 0.793
SKIP-N20                  450.0  -0.000   277.85     93.6     60.9   1269.9 0.208
FIX-B3600                1050.0   0.866    74.69    959.3    352.2   2213.7 0.914
CAP-B30-e0.9-M3600       1050.0   0.858    76.69    959.3    174.5   2200.4 0.914
REL-B120-e0.5            1645.3   0.772    96.93   1404.1    127.6   2598.9 0.868
REL-B30-e0.75            4485.9   0.867    74.59   3303.3    127.7   4486.4 0.853
SPJF                          -   0.908    65.02   5103.4    352.2   5393.4     -
SJF-ref                       -   1.000    43.37   4030.3    379.8   4497.8     -
FCFS                          -   0.000   277.84      0.0      0.0   1268.7     -


=== k1rep0 ===

-- level 0 (k=1), predictor M4: FCFS p99_dl 221.3 s, true-SJF 45.3 s --
policy                     guar     gap   p99_dl   maxExc     harm maxHeavy  used
FIX-B30                    90.0   0.256   176.24     86.6     82.4   1465.6 0.962
SKIP-N1                   120.0   0.001   221.14     56.9     53.9   1423.7 0.474
SKIP-N2                   180.0   0.001   221.09    108.8     54.1   1424.0 0.604
FIX-B120                  180.0   0.619   112.38    172.9    163.9   1552.7 0.961
FIX-B300                  360.0   0.792    81.97    349.0    332.8   1723.8 0.969
SKIP-N5                   360.0   0.001   221.13    163.6     60.5   1424.7 0.454
REL-B30-e0.25             595.8   0.642   108.23    515.9     82.4   1938.3 0.924
FIX-B600                  660.0   0.853    71.22    646.5    400.1   2025.2 0.980
SKIP-N10                  660.0   0.004   220.53    164.7     82.9   1425.8 0.250
CAP-B120-e0.5-M600        660.0   0.836    74.20    646.5    241.5   2025.2 0.980
CAP-B30-e0.5-M600         660.0   0.775    84.84    652.5     99.6   2034.9 0.989
REL-B120-e0.25            715.8   0.767    86.39    635.8    168.6   2058.0 0.946
CAP-B30-e0.5-M1200       1260.0   0.782    83.63   1021.7     99.6   2235.3 0.907
CAP-B120-e0.5-M1200      1260.0   0.842    73.15   1123.2    241.5   2235.3 0.938
FIX-B1200                1260.0   0.876    67.09   1250.3    400.1   2235.3 0.992
SKIP-N20                 1260.0   0.024   217.10    166.8     96.2   1427.8 0.132
CAP-B120-e0.75-M1200     1260.0   0.878    66.88   1228.9    400.1   2235.3 0.975
CAP-B30-e0.9-M1200       1260.0   0.874    67.51   1233.4    332.8   2235.3 0.979
CAP-B30-e0.75-M1200      1260.0   0.855    70.87   1246.6    163.9   2235.3 0.989
REL-B600-e0.25           1355.8   0.872    67.86   1096.3    400.1   2235.3 0.971
REL-B30-e0.5             1607.3   0.782    83.63   1021.7     99.6   2235.3 0.907
REL-B120-e0.5            1787.3   0.842    73.15   1123.2    241.5   2235.3 0.938
CAP-B120-e0.5-M3600      1787.3   0.842    73.15   1123.2    241.5   2235.3 0.938
FIX-B1800                1860.0   0.884    65.77   1836.4    400.1   2431.1 0.987
REL-B600-e0.5            2747.3   0.884    65.67   1833.4    400.1   2431.1 0.956
CAP-B600-e0.5-M3600      2747.3   0.884    65.67   1833.4    400.1   2431.1 0.956
REL-B1800-e0.25          2955.8   0.889    64.87   2483.6    400.1   2665.6 0.982
SKIP-N50                 3060.0   0.084   206.50    282.9    164.8   1441.6 0.092
CAP-B120-e0.75-M3600     3660.0   0.880    66.47   1918.2    400.1   2474.3 0.885
CAP-B30-e0.75-M3600      3660.0   0.857    70.50   1876.7    163.9   2474.3 0.874
FIX-B3600                3660.0   0.890    64.74   2520.3    400.1   2698.2 0.689
CAP-B30-e0.9-M3600       3660.0   0.886    65.42   2058.5    332.8   2474.3 0.761
REL-B30-e0.75            4641.8   0.857    70.50   1876.7    163.9   2474.3 0.874
REL-B120-e0.75           5001.8   0.880    66.47   1918.2    400.1   2474.3 0.885
REL-B1800-e0.5           5147.3   0.890    64.74   2520.3    400.1   2698.2 0.654
REL-B600-e0.75           6921.8   0.890    64.74   2520.3    400.1   2698.2 0.869
FIX-B7200                7260.0   0.890    64.74   2520.3    400.1   2698.2 0.347
REL-B1800-e0.75         11721.8   0.890    64.74   2520.3    400.1   2698.2 0.324
REL-B30-e0.9            13745.3   0.886    65.42   2058.5    332.8   2474.3 0.761
REL-B120-e0.9           14645.3   0.888    65.06   2520.3    400.1   2698.2 0.811
REL-B600-e0.9           19445.3   0.890    64.74   2520.3    400.1   2698.2 0.342
REL-B1800-e0.9          31445.3   0.890    64.74   2520.3    400.1   2698.2 0.129
FCFS                          -   0.000   221.27      0.0      0.0   1423.5     -
SJF-ref                       -   1.000    45.32   2054.5    777.9   2366.7     -
SPJF                          -   0.890    64.74   2520.3    400.1   2698.2     -

-- level 0 (k=1), predictor random: FCFS p99_dl 221.3 s, true-SJF 45.3 s --
policy                     guar     gap   p99_dl   maxExc     harm maxHeavy  used
FIX-B600                  660.0   0.277   172.58    658.0    608.7   2020.5 0.997
CAP-B30-e0.5-M600         660.0   0.157   193.70    658.0    112.1   2020.5 0.997
SKIP-N10                  660.0  -0.020   224.83    203.4    203.4   1430.2 0.308
FIX-B1200                1260.0   0.339   161.69   1258.0   1205.1   2294.6 0.998
CAP-B30-e0.9-M1200       1260.0   0.323   164.42   1258.0    326.2   2294.6 0.998
CAP-B120-e0.75-M1200     1260.0   0.326   163.93   1258.0    509.7   2294.6 0.998
SKIP-N20                 1260.0  -0.038   228.04    253.6    253.6   1435.7 0.201
REL-B120-e0.5            1787.3   0.214   183.68   1285.0    288.9   2350.5 0.929
FIX-B3600                3660.0   0.349   159.79   2662.6   1600.3   2588.7 0.727
CAP-B30-e0.9-M3600       3660.0   0.333   162.74   2437.0    326.2   2541.5 0.792
REL-B30-e0.75            4641.8   0.249   177.39   1878.9    165.8   2436.1 0.896
SPJF                          -   0.349   159.79   2662.6   1600.3   2588.7     -
SJF-ref                       -   1.000    45.32   2054.5    777.9   2366.7     -
FCFS                          -   0.000   221.27      0.0      0.0   1423.5     -

-- level 0 (k=1), predictor reversed: FCFS p99_dl 221.3 s, true-SJF 45.3 s --
policy                     guar     gap   p99_dl   maxExc     harm maxHeavy  used
FIX-B600                  660.0  -1.203   432.91    658.3    641.6   1691.3 0.997
CAP-B30-e0.5-M600         660.0  -0.616   329.70    658.1    118.6   1691.3 0.997
SKIP-N10                  660.0  -0.680   340.89    547.9    380.3   1576.7 0.830
FIX-B1200                1260.0  -1.130   420.18   1256.8   1212.7   1607.3 0.997
CAP-B30-e0.9-M1200       1260.0  -1.115   417.42   1256.8    336.8   1607.3 0.997
CAP-B120-e0.75-M1200     1260.0  -1.152   423.91   1256.8    498.1   1607.3 0.997
SKIP-N20                 1260.0  -0.816   364.84    770.1    757.8   1660.6 0.611
REL-B120-e0.5            1787.3  -0.933   385.37   1294.4    272.1   1628.0 0.922
FIX-B3600                3660.0  -1.103   415.37   2696.2   2487.1   1724.7 0.737
CAP-B30-e0.9-M3600       3660.0  -1.092   413.50   2453.1    336.8   1731.4 0.787
REL-B30-e0.75            4641.8  -0.867   373.87   1887.7    177.9   1609.6 0.887
SPJF                          -  -1.103   415.37   2696.2   2487.1   1724.7     -
SJF-ref                       -   1.000    45.32   2054.5    777.9   2366.7     -
FCFS                          -   0.000   221.27      0.0      0.0   1423.5     -

-- level 0 (k=1), predictor top1short: FCFS p99_dl 221.3 s, true-SJF 45.3 s --
policy                     guar     gap   p99_dl   maxExc     harm maxHeavy  used
FIX-B600                  660.0  -0.966   391.20    658.1    624.0   2016.0 0.997
CAP-B30-e0.5-M600         660.0  -0.581   323.54    653.3    118.6   2016.0 0.990
SKIP-N10                  660.0  -0.573   322.16    512.6    359.5   1446.4 0.777
FIX-B1200                1260.0  -0.876   375.43   1257.5   1219.4   2236.6 0.998
CAP-B30-e0.9-M1200       1260.0  -0.885   377.00   1257.5    335.6   2236.6 0.998
CAP-B120-e0.75-M1200     1260.0  -0.897   379.16   1257.5    502.6   2236.6 0.998
SKIP-N20                 1260.0  -0.733   350.30    633.9    624.0   1470.3 0.503
REL-B120-e0.5            1787.3  -0.876   375.38   1225.8    275.2   2236.6 0.921
FIX-B3600                3660.0  -0.858   372.28   2659.2   1411.1   2493.3 0.727
CAP-B30-e0.9-M3600       3660.0  -0.873   374.89   2401.9    335.6   2493.3 0.788
REL-B30-e0.75            4641.8  -0.802   362.32   1883.7    177.9   2428.4 0.886
SPJF                          -  -0.858   372.28   2659.2   1411.1   2493.3     -
SJF-ref                       -   1.000    45.32   2054.5    777.9   2366.7     -
FCFS                          -   0.000   221.27      0.0      0.0   1423.5     -


total runs collected: 390; bound violations: 0
